student_id,student_name,department,department_code,semester,course_code,course_name,attendance_pct,assignment_marks,quiz_marks,midterm_marks,final_exam_marks,average_score,grade,performance_category,risk_status,course_completion_status,feedback_rating,spi
1,Krishna Das,Computer Science & Engineering,CSE,3,DBMS,Database Management Systems,79.69,84.44,94.24,75.38,76.15,78.97,B,Good,Medium Risk,Completed,5,81.22
1,Krishna Das,Computer Science & Engineering,CSE,3,ML,Introduction to Machine Learning,76.96,86.63,73.65,76.09,85.11,81.49,A,Good,Medium Risk,Completed,3,78.43
1,Krishna Das,Computer Science & Engineering,CSE,3,DSA,Data Structures & Algorithms,70.65,41.17,53.07,41.31,35.35,39.79,F,Critical,High Risk,Incomplete,5,51.98
2,Vivaan Sharma,Computer Science & Engineering,CSE,2,DBMS,Database Management Systems,80.19,55.04,60.76,70.51,56.48,60.9,C,Average,Low Risk,Completed,4,66.67
2,Vivaan Sharma,Computer Science & Engineering,CSE,2,ML,Introduction to Machine Learning,75.79,58.78,85.02,64.64,53.1,60.61,C,Average,Medium Risk,Completed,5,67.58
2,Vivaan Sharma,Computer Science & Engineering,CSE,2,DSA,Data Structures & Algorithms,79.45,37.75,39.41,59.52,67.21,57.7,D,Average,Medium Risk,Completed,4,64.28
3,Riya Verma,Electronics & Communication,ECE,1,DSP,Digital Signal Processing,76.74,55.83,59.97,65.55,84.3,71.97,B,Good,Medium Risk,Completed,4,73.73
3,Riya Verma,Electronics & Communication,ECE,1,VLSI,VLSI Design,79.43,46.99,40.72,57.57,64.22,57.29,D,Average,Medium Risk,Completed,5,65.99
3,Riya Verma,Electronics & Communication,ECE,1,CN,Computer Networks,75.1,65.24,71.64,56.66,60.7,61.26,C,Average,Medium Risk,Completed,3,63.9
4,Sara Verma,Business Administration,BBA,5,FIN,Financial Management,85.54,71.21,54.78,68.68,62.99,65.11,C,Average,Low Risk,Completed,4,70.68
4,Sara Verma,Business Administration,BBA,5,RM,Research Methodology,96.16,75.98,93.11,47.52,87.2,74.2,B,Good,Low Risk,Completed,4,79.17
4,Sara Verma,Business Administration,BBA,5,MKT,Principles of Marketing,80.27,48.54,63.78,72.34,87.15,74.58,B,Good,Low Risk,Completed,4,76.26
5,Ananya Chatterjee,Computer Science & Engineering,CSE,3,DSA,Data Structures & Algorithms,73.24,71.45,64.24,56.47,69.46,65.34,C,Average,Medium Risk,Completed,4,68.38
5,Ananya Chatterjee,Computer Science & Engineering,CSE,3,ML,Introduction to Machine Learning,75.07,80.35,76.92,67.53,88.18,79.68,B,Good,Medium Risk,Completed,4,78.79
5,Ananya Chatterjee,Computer Science & Engineering,CSE,3,CN,Computer Networks,77.67,57.91,65.01,68.29,63.43,64.22,C,Average,Medium Risk,Completed,4,68.49
6,Ananya Patel,Electronics & Communication,ECE,2,DSP,Digital Signal Processing,99.73,78.59,77.94,76.03,54.82,67.06,C,Average,Low Risk,Completed,4,74.89
6,Ananya Patel,Electronics & Communication,ECE,2,VLSI,VLSI Design,100.0,70.8,74.34,72.34,59.7,66.62,C,Average,Low Risk,Completed,5,76.63
6,Ananya Patel,Electronics & Communication,ECE,2,STAT,Business Statistics,89.53,71.93,95.86,65.6,89.07,80.14,A,Good,Low Risk,Completed,5,84.0
7,Diya Mehta,Civil Engineering,CE,6,SUR,Surveying,72.2,61.11,52.07,43.06,61.94,55.16,D,Average,Medium Risk,Completed,3,59.05
7,Diya Mehta,Civil Engineering,CE,6,SOM,Strength of Materials,71.83,93.18,66.28,74.14,88.45,82.65,A,Good,Medium Risk,Completed,3,78.22
7,Diya Mehta,Civil Engineering,CE,6,DSA,Data Structures & Algorithms,93.56,58.65,74.95,77.59,85.11,77.87,B,Good,Low Risk,Completed,3,79.22
8,Sara Nair,Business Administration,BBA,2,STAT,Business Statistics,82.37,59.12,57.16,59.97,48.99,54.62,D,Needs Improvement,Medium Risk,Completed,4,62.71
8,Sara Nair,Business Administration,BBA,2,MKT,Principles of Marketing,73.49,94.17,79.2,62.41,84.4,78.75,B,Good,Medium Risk,Completed,3,75.82
8,Sara Nair,Business Administration,BBA,2,PM,Project Management,93.29,73.24,91.01,85.99,92.31,87.42,A,Excellent,Low Risk,Completed,5,89.85
9,Ira Chatterjee,Civil Engineering,CE,6,SUR,Surveying,71.93,60.16,57.27,68.21,74.15,68.58,C,Average,Medium Risk,Completed,4,70.39
9,Ira Chatterjee,Civil Engineering,CE,6,SOM,Strength of Materials,81.92,96.46,76.75,100.0,90.43,92.84,A+,Excellent,Low Risk,Completed,3,87.37
9,Ira Chatterjee,Civil Engineering,CE,6,DSA,Data Structures & Algorithms,82.51,56.91,65.72,64.35,59.28,61.09,C,Average,Low Risk,Completed,3,65.26
10,Kunal Das,Business Administration,BBA,5,FIN,Financial Management,72.26,62.39,54.39,40.12,56.9,52.44,D,Needs Improvement,Medium Risk,Completed,4,59.16
10,Kunal Das,Business Administration,BBA,5,MKT,Principles of Marketing,79.63,61.98,45.68,65.33,69.12,64.57,C,Average,Medium Risk,Completed,5,71.12
10,Kunal Das,Business Administration,BBA,5,RM,Research Methodology,68.5,75.27,88.83,90.3,91.83,88.58,A,Excellent,High Risk,Completed,5,85.71
11,Ishaan Iyer,Computer Science & Engineering,CSE,6,DSA,Data Structures & Algorithms,92.59,88.39,84.67,75.38,88.96,84.37,A,Good,Low Risk,Completed,3,83.58
11,Ishaan Iyer,Computer Science & Engineering,CSE,6,DBMS,Database Management Systems,74.63,69.98,94.93,48.62,78.39,69.85,C,Average,Medium Risk,Completed,3,69.82
11,Ishaan Iyer,Computer Science & Engineering,CSE,6,CN,Computer Networks,89.87,66.98,51.4,58.47,75.49,66.7,C,Average,Low Risk,Completed,3,70.66
12,Diya Das,Electronics & Communication,ECE,5,DSP,Digital Signal Processing,80.92,68.08,98.32,81.57,51.3,67.6,C,Average,Low Risk,Completed,4,71.5
12,Diya Das,Electronics & Communication,ECE,5,VLSI,VLSI Design,87.09,56.13,60.68,69.61,75.45,69.32,C,Average,Low Risk,Completed,3,71.95
12,Diya Das,Electronics & Communication,ECE,5,VLSI,VLSI Design,74.53,61.45,87.17,72.44,53.86,63.9,C,Average,Medium Risk,Completed,5,69.64
13,Reyansh Iyer,Computer Science & Engineering,CSE,7,DSA,Data Structures & Algorithms,94.91,82.27,89.66,100.0,89.97,91.79,A+,Excellent,Low Risk,Completed,4,91.24
13,Reyansh Iyer,Computer Science & Engineering,CSE,7,ML,Introduction to Machine Learning,72.4,80.7,40.4,70.03,79.26,72.82,B,Good,Medium Risk,Completed,3,71.46
13,Reyansh Iyer,Computer Science & Engineering,CSE,7,DBMS,Database Management Systems,69.22,87.19,91.16,100.0,75.36,86.11,A,Excellent,High Risk,Completed,5,84.12
14,Rohan Sen,Mechanical Engineering,ME,4,EM,Engineering Mechanics,70.21,76.74,72.51,65.52,73.96,71.7,B,Good,Medium Risk,Completed,4,72.23
14,Rohan Sen,Mechanical Engineering,ME,4,THM,Thermodynamics,86.87,89.22,56.51,96.83,50.94,71.0,B,Good,Low Risk,Completed,4,75.08
14,Rohan Sen,Mechanical Engineering,ME,4,PM,Project Management,84.08,72.83,74.56,73.64,72.99,73.32,B,Good,Low Risk,Completed,5,78.14
15,Priya Bose,Mechanical Engineering,ME,1,EM,Engineering Mechanics,73.84,85.28,77.97,85.23,84.84,84.33,A,Good,Medium Risk,Completed,3,79.8
15,Priya Bose,Mechanical Engineering,ME,1,THM,Thermodynamics,86.26,71.38,63.03,66.57,81.61,73.7,B,Good,Low Risk,Completed,4,76.85
15,Priya Bose,Mechanical Engineering,ME,1,RM,Research Methodology,79.16,76.39,89.75,87.64,89.33,86.92,A,Excellent,Medium Risk,Completed,5,86.68
16,Vivaan Bose,Electronics & Communication,ECE,6,DSP,Digital Signal Processing,86.86,69.15,74.14,70.82,74.42,72.52,B,Good,Low Risk,Completed,4,76.14
16,Vivaan Bose,Electronics & Communication,ECE,6,VLSI,VLSI Design,99.16,52.12,45.61,74.92,72.68,67.56,C,Average,Low Risk,Completed,4,75.12
16,Vivaan Bose,Electronics & Communication,ECE,6,RM,Research Methodology,81.23,70.57,78.45,72.09,92.24,81.57,A,Good,Low Risk,Completed,4,81.34
17,Aditya Das,Civil Engineering,CE,6,SUR,Surveying,75.0,66.22,53.33,53.05,66.02,60.89,C,Average,Medium Risk,Completed,4,65.62
17,Aditya Das,Civil Engineering,CE,6,SOM,Strength of Materials,74.19,68.24,46.54,50.43,58.3,56.25,D,Average,Medium Risk,Completed,4,62.22
17,Aditya Das,Civil Engineering,CE,6,DSP,Digital Signal Processing,95.43,84.31,71.81,75.52,64.7,71.6,B,Good,Low Risk,Completed,4,77.2
18,Kiara Khan,Electronics & Communication,ECE,8,DSP,Digital Signal Processing,82.6,60.26,72.77,85.4,68.23,72.64,B,Good,Low Risk,Completed,4,75.37
18,Kiara Khan,Electronics & Communication,ECE,8,VLSI,VLSI Design,77.48,82.52,78.43,81.36,72.01,77.03,B,Good,Medium Risk,Completed,4,77.42
18,Kiara Khan,Electronics & Communication,ECE,8,MKT,Principles of Marketing,95.59,87.57,100.0,69.54,89.44,84.25,A,Good,Low Risk,Completed,4,86.09
19,Sai Das,Electronics & Communication,ECE,5,DSP,Digital Signal Processing,76.6,89.6,88.81,74.64,92.69,86.42,A,Excellent,Medium Risk,Completed,3,81.82
19,Sai Das,Electronics & Communication,ECE,5,VLSI,VLSI Design,83.74,92.57,83.21,67.46,64.02,71.25,B,Good,Low Risk,Completed,4,74.63
19,Sai Das,Electronics & Communication,ECE,5,DSP,Digital Signal Processing,95.46,67.95,48.53,37.31,73.4,59.27,D,Average,Medium Risk,Completed,4,68.58
20,Krishna Singh,Business Administration,BBA,8,RM,Research Methodology,66.73,80.86,84.92,87.37,82.45,83.94,A,Good,High Risk,Completed,4,80.1
20,Krishna Singh,Business Administration,BBA,8,PM,Project Management,76.27,60.39,63.36,67.02,46.69,56.51,D,Average,Medium Risk,Completed,3,60.81
20,Krishna Singh,Business Administration,BBA,8,FIN,Financial Management,86.08,79.85,100.0,88.6,100.0,93.56,A+,Excellent,Low Risk,Completed,4,90.71
21,Rohan Singh,Computer Science & Engineering,CSE,7,DBMS,Database Management Systems,100.0,94.24,100.0,100.0,100.0,99.14,A+,Excellent,Low Risk,Completed,3,95.4
21,Rohan Singh,Computer Science & Engineering,CSE,7,CN,Computer Networks,92.07,62.65,64.03,57.8,78.0,68.24,C,Average,Low Risk,Completed,5,76.18
21,Rohan Singh,Computer Science & Engineering,CSE,7,ML,Introduction to Machine Learning,83.99,100.0,71.47,71.29,90.36,84.2,A,Good,Low Risk,Completed,4,83.73
22,Saanvi Iyer,Business Administration,BBA,5,MKT,Principles of Marketing,59.25,70.72,53.95,78.97,77.01,74.35,B,Good,High Risk,Completed,3,69.89
22,Saanvi Iyer,Business Administration,BBA,5,RM,Research Methodology,68.3,65.21,75.3,54.99,72.88,66.6,C,Average,High Risk,Completed,4,68.28
22,Saanvi Iyer,Business Administration,BBA,5,FIN,Financial Management,77.22,52.13,53.84,49.31,87.06,67.17,C,Average,Medium Risk,Completed,4,70.47
23,Nisha Nair,Business Administration,BBA,5,MKT,Principles of Marketing,80.63,62.48,58.95,70.36,73.69,69.54,C,Average,Low Risk,Completed,4,72.8
23,Nisha Nair,Business Administration,BBA,5,PM,Project Management,76.01,42.07,44.91,80.13,85.83,73.46,B,Good,Medium Risk,Completed,4,74.62
23,Nisha Nair,Business Administration,BBA,5,STAT,Business Statistics,84.36,100.0,90.35,77.51,68.45,78.09,B,Good,Low Risk,Completed,3,77.54
24,Shaurya Khan,Mechanical Engineering,ME,3,EM,Engineering Mechanics,72.88,60.22,64.68,62.54,95.69,77.32,B,Good,Medium Risk,Completed,5,78.7
24,Shaurya Khan,Mechanical Engineering,ME,3,THM,Thermodynamics,94.78,72.68,59.57,88.66,79.37,79.17,B,Good,Low Risk,Completed,3,80.38
24,Shaurya Khan,Mechanical Engineering,ME,3,DSA,Data Structures & Algorithms,70.83,55.89,78.83,90.72,53.93,67.75,C,Average,Medium Risk,Completed,4,69.59
25,Neha Jain,Civil Engineering,CE,5,SUR,Surveying,73.72,58.27,51.82,64.73,55.22,58.19,D,Average,Medium Risk,Completed,4,63.48
25,Neha Jain,Civil Engineering,CE,5,SOM,Strength of Materials,77.5,62.32,62.48,79.71,78.41,74.79,B,Good,Medium Risk,Completed,3,73.85
25,Neha Jain,Civil Engineering,CE,5,DBMS,Database Management Systems,87.73,56.5,77.71,65.9,81.04,72.48,B,Good,Low Risk,Completed,3,74.28
26,Shaurya Mehta,Business Administration,BBA,4,FIN,Financial Management,59.83,50.82,51.46,40.39,59.0,51.44,D,Needs Improvement,High Risk,Completed,3,53.97
26,Shaurya Mehta,Business Administration,BBA,4,MKT,Principles of Marketing,67.75,64.69,69.78,61.74,67.59,65.62,C,Average,High Risk,Completed,5,69.48
26,Shaurya Mehta,Business Administration,BBA,4,STAT,Business Statistics,87.11,53.78,69.43,80.93,36.42,55.68,D,Average,Medium Risk,Completed,3,62.4
27,Priya Singh,Electronics & Communication,ECE,1,DSP,Digital Signal Processing,79.22,82.64,69.68,79.88,78.06,78.45,B,Good,Medium Risk,Completed,5,80.76
27,Priya Singh,Electronics & Communication,ECE,1,VLSI,VLSI Design,83.93,70.93,67.2,70.29,80.79,74.8,B,Good,Low Risk,Completed,4,77.15
27,Priya Singh,Electronics & Communication,ECE,1,VLSI,VLSI Design,100.0,84.19,69.57,88.69,71.58,78.4,B,Good,Low Risk,Completed,3,80.88
28,Arjun Jain,Business Administration,BBA,6,STAT,Business Statistics,59.11,56.39,58.12,78.34,64.83,66.95,C,Average,High Risk,Completed,4,66.68
28,Arjun Jain,Business Administration,BBA,6,RM,Research Methodology,59.68,84.31,89.2,65.69,96.68,84.78,A,Good,High Risk,Completed,4,79.28
28,Arjun Jain,Business Administration,BBA,6,MKT,Principles of Marketing,85.43,89.72,67.2,69.75,62.5,69.23,C,Average,Low Risk,Completed,3,71.55
29,Vivaan Das,Mechanical Engineering,ME,2,EM,Engineering Mechanics,73.23,82.68,74.23,87.23,86.97,85.13,A,Excellent,Medium Risk,Completed,5,84.24
29,Vivaan Das,Mechanical Engineering,ME,2,THM,Thermodynamics,76.2,56.09,58.55,70.03,75.96,69.46,C,Average,Medium Risk,Completed,3,69.86
29,Vivaan Das,Mechanical Engineering,ME,2,CN,Computer Networks,95.43,86.57,100.0,73.92,68.5,75.99,B,Good,Low Risk,Completed,3,78.28
30,Sai Roy,Computer Science & Engineering,CSE,8,CN,Computer Networks,89.78,89.4,91.31,77.57,100.0,90.81,A+,Excellent,Low Risk,Completed,4,89.52
30,Sai Roy,Computer Science & Engineering,CSE,8,DBMS,Database Management Systems,87.49,78.12,74.0,64.62,79.97,74.49,B,Good,Low Risk,Completed,5,79.64
30,Sai Roy,Computer Science & Engineering,CSE,8,ML,Introduction to Machine Learning,98.84,83.03,74.27,86.76,89.81,86.33,A,Excellent,Low Risk,Completed,5,90.2
31,Meera Verma,Business Administration,BBA,7,FIN,Financial Management,91.64,50.11,44.57,40.56,32.83,38.91,F,Critical,High Risk,Incomplete,5,55.57
31,Meera Verma,Business Administration,BBA,7,STAT,Business Statistics,67.26,59.93,66.85,91.24,70.76,74.89,B,Good,High Risk,Completed,3,71.87
31,Meera Verma,Business Administration,BBA,7,RM,Research Methodology,76.74,42.08,66.4,66.51,78.41,68.19,C,Average,Medium Risk,Completed,5,73.08
32,Ira Bose,Electronics & Communication,ECE,4,DSP,Digital Signal Processing,79.74,74.45,100.0,86.17,86.69,86.03,A,Excellent,Medium Risk,Completed,4,84.17
32,Ira Bose,Electronics & Communication,ECE,4,VLSI,VLSI Design,78.98,68.64,65.81,74.02,68.86,70.07,B,Good,Medium Risk,Completed,4,72.84
32,Ira Bose,Electronics & Communication,ECE,4,PM,Project Management,77.68,88.32,39.47,85.28,89.23,82.93,A,Good,Medium Risk,Completed,3,79.59
33,Kunal Roy,Mechanical Engineering,ME,6,EM,Engineering Mechanics,75.55,53.81,56.55,55.67,89.91,70.89,B,Good,Medium Risk,Completed,5,74.73
33,Kunal Roy,Mechanical Engineering,ME,6,THM,Thermodynamics,89.96,75.97,78.96,92.64,73.59,80.2,A,Good,Low Risk,Completed,4,82.13
33,Kunal Roy,Mechanical Engineering,ME,6,EM,Engineering Mechanics,75.73,76.23,72.45,65.15,84.03,76.03,B,Good,Medium Risk,Completed,3,74.37
34,Riya Iyer,Civil Engineering,CE,2,SUR,Surveying,87.26,76.3,81.3,65.63,91.48,80.43,A,Good,Low Risk,Completed,4,81.75
34,Riya Iyer,Civil Engineering,CE,2,SOM,Strength of Materials,89.36,58.68,46.83,48.6,74.0,61.37,C,Average,Low Risk,Completed,3,66.83
34,Riya Iyer,Civil Engineering,CE,2,PM,Project Management,62.97,100.0,93.59,91.99,87.52,91.34,A+,Excellent,High Risk,Completed,4,84.53
35,Aditya Gupta,Electronics & Communication,ECE,1,DSP,Digital Signal Processing,90.95,72.69,71.35,67.55,71.87,70.64,B,Good,Low Risk,Completed,4,75.64
35,Aditya Gupta,Electronics & Communication,ECE,1,VLSI,VLSI Design,62.82,58.91,51.53,49.45,52.7,52.54,D,Needs Improvement,High Risk,Completed,4,57.34
35,Aditya Gupta,Electronics & Communication,ECE,1,CN,Computer Networks,71.05,67.48,51.78,70.01,46.09,57.05,D,Average,Medium Risk,Completed,5,64.14
36,Krishna Sharma,Business Administration,BBA,2,PM,Project Management,83.58,87.5,95.66,88.83,56.58,74.8,B,Good,Low Risk,Completed,3,75.08
36,Krishna Sharma,Business Administration,BBA,2,FIN,Financial Management,78.91,69.68,53.79,66.56,56.44,61.2,C,Average,Medium Risk,Completed,4,66.62
36,Krishna Sharma,Business Administration,BBA,2,STAT,Business Statistics,67.73,41.6,41.41,66.71,44.73,50.52,D,Needs Improvement,High Risk,Completed,5,58.91
37,Meera Gupta,Computer Science & Engineering,CSE,2,DSA,Data Structures & Algorithms,82.91,69.34,84.32,71.59,80.38,76.48,B,Good,Low Risk,Completed,5,80.12
37,Meera Gupta,Computer Science & Engineering,CSE,2,DBMS,Database Management Systems,91.29,63.82,68.43,90.33,64.32,72.46,B,Good,Low Risk,Completed,5,78.98
37,Meera Gupta,Computer Science & Engineering,CSE,2,ML,Introduction to Machine Learning,75.9,86.82,90.16,87.33,62.65,76.43,B,Good,Medium Risk,Completed,3,74.68
38,Kiara Das,Business Administration,BBA,3,FIN,Financial Management,78.72,75.24,69.16,54.34,74.59,68.07,C,Average,Medium Risk,Completed,4,71.39
38,Kiara Das,Business Administration,BBA,3,STAT,Business Statistics,92.02,87.06,82.23,77.95,59.79,71.57,B,Good,Low Risk,Completed,4,76.5
38,Kiara Das,Business Administration,BBA,3,RM,Research Methodology,83.16,61.72,59.52,86.08,75.02,74.79,B,Good,Low Risk,Completed,4,76.99
39,Sneha Iyer,Business Administration,BBA,7,PM,Project Management,80.36,81.72,64.15,73.4,67.79,71.2,B,Good,Low Risk,Completed,4,73.91
39,Sneha Iyer,Business Administration,BBA,7,RM,Research Methodology,81.55,63.5,81.36,58.45,67.05,65.37,C,Average,Low Risk,Completed,4,70.07
39,Sneha Iyer,Business Administration,BBA,7,MKT,Principles of Marketing,85.09,99.68,69.54,92.3,100.0,94.6,A+,Excellent,Low Risk,Completed,4,91.24
40,Arjun Roy,Electronics & Communication,ECE,7,DSP,Digital Signal Processing,77.13,98.88,100.0,80.79,80.44,85.27,A,Excellent,Medium Risk,Completed,5,85.11
40,Arjun Roy,Electronics & Communication,ECE,7,VLSI,VLSI Design,78.18,86.75,85.57,76.17,80.93,80.84,A,Good,Medium Risk,Completed,3,78.22
40,Arjun Roy,Electronics & Communication,ECE,7,DSA,Data Structures & Algorithms,77.99,65.13,79.39,51.8,75.6,67.27,C,Average,Medium Risk,Completed,4,70.69
41,Myra Iyer,Mechanical Engineering,ME,1,EM,Engineering Mechanics,86.64,60.18,74.0,73.24,78.32,73.64,B,Good,Low Risk,Completed,4,76.88
41,Myra Iyer,Mechanical Engineering,ME,1,THM,Thermodynamics,78.3,92.69,88.52,91.89,91.35,91.43,A+,Excellent,Medium Risk,Completed,5,89.66
41,Myra Iyer,Mechanical Engineering,ME,1,EM,Engineering Mechanics,77.36,80.72,92.7,82.97,97.64,90.21,A+,Excellent,Medium Risk,Completed,4,86.62
42,Sneha Mehta,Computer Science & Engineering,CSE,2,DBMS,Database Management Systems,92.2,71.77,44.46,49.55,58.24,56.28,D,Average,Medium Risk,Completed,4,65.84
42,Sneha Mehta,Computer Science & Engineering,CSE,2,DSA,Data Structures & Algorithms,100.0,78.13,68.32,64.73,72.13,70.43,B,Good,Low Risk,Completed,4,77.3
42,Sneha Mehta,Computer Science & Engineering,CSE,2,ML,Introduction to Machine Learning,78.7,95.77,91.34,100.0,100.0,98.5,A+,Excellent,Medium Risk,Completed,4,92.69
43,Ayaan Nair,Electronics & Communication,ECE,8,DSP,Digital Signal Processing,89.38,72.95,86.29,72.55,62.82,69.6,C,Average,Low Risk,Completed,4,74.6
43,Ayaan Nair,Electronics & Communication,ECE,8,VLSI,VLSI Design,90.6,90.38,96.1,98.17,100.0,97.62,A+,Excellent,Low Risk,Completed,4,94.45
43,Ayaan Nair,Electronics & Communication,ECE,8,CN,Computer Networks,81.11,82.06,58.19,74.05,66.27,70.17,B,Good,Low Risk,Completed,4,73.34
44,Reyansh Chatterjee,Electronics & Communication,ECE,8,DSP,Digital Signal Processing,84.67,87.81,69.02,95.55,96.09,91.98,A+,Excellent,Low Risk,Completed,5,91.32
44,Reyansh Chatterjee,Electronics & Communication,ECE,8,VLSI,VLSI Design,81.53,70.8,85.24,67.26,72.65,72.02,B,Good,Low Risk,Completed,4,74.72
44,Reyansh Chatterjee,Electronics & Communication,ECE,8,EM,Engineering Mechanics,75.94,76.18,85.12,62.95,76.83,73.4,B,Good,Medium Risk,Completed,4,74.57
45,Kabir Patel,Electronics & Communication,ECE,8,DSP,Digital Signal Processing,67.35,80.75,88.87,100.0,86.55,89.95,A,Excellent,High Risk,Completed,4,84.43
45,Kabir Patel,Electronics & Communication,ECE,8,VLSI,VLSI Design,69.58,72.59,97.85,89.05,83.32,84.88,A,Good,High Risk,Completed,4,81.33
45,Kabir Patel,Electronics & Communication,ECE,8,RM,Research Methodology,74.89,62.12,83.4,82.08,74.74,75.91,B,Good,Medium Risk,Completed,5,78.12
46,Ira Mehta,Business Administration,BBA,1,MKT,Principles of Marketing,62.43,52.24,56.61,61.84,57.26,57.82,D,Average,High Risk,Completed,4,60.96
46,Ira Mehta,Business Administration,BBA,1,PM,Project Management,91.73,56.16,68.39,60.75,63.46,62.05,C,Average,Low Risk,Completed,4,69.78
46,Ira Mehta,Business Administration,BBA,1,STAT,Business Statistics,87.39,90.66,77.73,85.17,77.3,81.71,A,Good,Low Risk,Completed,5,84.67
47,Kiara Iyer,Computer Science & Engineering,CSE,4,DSA,Data Structures & Algorithms,96.55,63.48,44.71,65.29,56.71,59.1,D,Average,Medium Risk,Completed,5,70.68
47,Kiara Iyer,Computer Science & Engineering,CSE,4,DBMS,Database Management Systems,74.13,45.27,56.74,37.51,46.16,44.49,F,Needs Improvement,High Risk,Completed,5,55.97
47,Kiara Iyer,Computer Science & Engineering,CSE,4,CN,Computer Networks,85.95,71.76,78.86,81.39,68.53,73.9,B,Good,Low Risk,Completed,5,78.92
48,Vivaan Singh,Civil Engineering,CE,7,SUR,Surveying,79.69,82.8,83.03,60.07,80.56,75.0,B,Good,Medium Risk,Completed,4,76.43
48,Vivaan Singh,Civil Engineering,CE,7,SOM,Strength of Materials,75.03,77.96,65.67,53.7,67.85,64.9,C,Average,Medium Risk,Completed,5,70.44
48,Vivaan Singh,Civil Engineering,CE,7,PM,Project Management,82.59,76.63,89.47,87.42,94.84,89.35,A,Excellent,Low Risk,Completed,4,87.06
49,Shaurya Khan,Computer Science & Engineering,CSE,8,CN,Computer Networks,76.91,97.77,84.97,100.0,77.32,87.96,A,Excellent,Medium Risk,Completed,5,86.95
49,Shaurya Khan,Computer Science & Engineering,CSE,8,DSA,Data Structures & Algorithms,73.91,69.54,68.53,79.04,81.65,77.74,B,Good,Medium Risk,Completed,4,77.2
49,Shaurya Khan,Computer Science & Engineering,CSE,8,ML,Introduction to Machine Learning,100.0,88.98,74.94,72.13,74.15,75.85,B,Good,Low Risk,Completed,4,81.09
50,Shaurya Das,Electronics & Communication,ECE,1,DSP,Digital Signal Processing,75.22,43.04,62.52,66.85,54.93,57.48,D,Average,Medium Risk,Completed,5,65.28
50,Shaurya Das,Electronics & Communication,ECE,1,VLSI,VLSI Design,62.71,59.54,67.86,75.81,52.78,62.21,C,Average,High Risk,Completed,5,66.09
50,Shaurya Das,Electronics & Communication,ECE,1,CN,Computer Networks,78.19,80.37,77.37,54.2,90.26,76.67,B,Good,Medium Risk,Completed,5,79.31
51,Ananya Sharma,Business Administration,BBA,1,PM,Project Management,82.61,69.43,65.62,58.44,57.43,60.35,C,Average,Low Risk,Completed,4,66.77
51,Ananya Sharma,Business Administration,BBA,1,MKT,Principles of Marketing,87.97,82.37,93.33,54.74,100.0,83.11,A,Good,Low Risk,Completed,3,81.77
51,Ananya Sharma,Business Administration,BBA,1,STAT,Business Statistics,68.02,54.7,79.58,62.51,72.81,67.68,C,Average,High Risk,Completed,4,68.98
52,Riya Patel,Business Administration,BBA,3,RM,Research Methodology,81.8,64.89,87.68,72.29,60.05,67.21,C,Average,Low Risk,Completed,4,71.41
52,Riya Patel,Business Administration,BBA,3,FIN,Financial Management,91.74,86.52,83.82,86.47,100.0,92.3,A+,Excellent,Low Risk,Completed,4,90.96
52,Riya Patel,Business Administration,BBA,3,MKT,Principles of Marketing,91.23,79.55,72.05,75.0,77.3,76.42,B,Good,Low Risk,Completed,4,79.74
53,Aadhya Patel,Computer Science & Engineering,CSE,4,DBMS,Database Management Systems,82.09,88.06,77.76,81.6,57.75,71.45,B,Good,Low Risk,Completed,5,76.44
53,Aadhya Patel,Computer Science & Engineering,CSE,4,ML,Introduction to Machine Learning,90.73,47.2,99.22,74.62,90.46,80.09,A,Good,Low Risk,Completed,3,80.21
53,Aadhya Patel,Computer Science & Engineering,CSE,4,CN,Computer Networks,70.79,73.12,100.0,77.26,82.96,81.48,A,Good,Medium Risk,Completed,5,81.19
54,Aditya Khan,Business Administration,BBA,6,PM,Project Management,82.57,81.6,100.0,77.31,81.36,82.05,A,Good,Low Risk,Completed,5,83.95
54,Aditya Khan,Business Administration,BBA,6,MKT,Principles of Marketing,94.26,91.65,69.55,100.0,72.51,83.33,A,Good,Low Risk,Completed,4,85.18
54,Aditya Khan,Business Administration,BBA,6,STAT,Business Statistics,77.73,66.24,64.8,67.59,83.31,74.18,B,Good,Medium Risk,Completed,4,75.47
55,Kunal Sen,Mechanical Engineering,ME,6,EM,Engineering Mechanics,89.11,80.96,52.34,75.64,78.48,75.39,B,Good,Low Risk,Completed,4,78.59
55,Kunal Sen,Mechanical Engineering,ME,6,THM,Thermodynamics,81.47,89.76,84.43,88.68,76.35,82.87,A,Good,Low Risk,Completed,3,80.3
55,Kunal Sen,Mechanical Engineering,ME,6,CN,Computer Networks,74.97,81.22,63.29,84.11,76.26,78.06,B,Good,Medium Risk,Completed,5,79.64
56,Aadhya Singh,Electronics & Communication,ECE,5,DSP,Digital Signal Processing,75.3,100.0,93.9,80.54,55.12,73.36,B,Good,Medium Risk,Completed,5,76.41
56,Aadhya Singh,Electronics & Communication,ECE,5,VLSI,VLSI Design,60.54,65.55,82.6,70.55,63.09,67.65,C,Average,High Risk,Completed,4,67.46
56,Aadhya Singh,Electronics & Communication,ECE,5,DSP,Digital Signal Processing,89.43,85.05,81.49,81.55,74.19,78.76,B,Good,Low Risk,Completed,4,81.02
57,Kabir Bose,Civil Engineering,CE,2,SUR,Surveying,75.36,41.8,36.44,53.66,69.39,57.24,D,Average,Medium Risk,Completed,5,65.14
57,Kabir Bose,Civil Engineering,CE,2,SOM,Strength of Materials,66.71,62.56,39.36,50.68,60.75,55.87,D,Average,High Risk,Completed,3,58.45
57,Kabir Bose,Civil Engineering,CE,2,VLSI,VLSI Design,66.89,67.25,75.1,55.74,79.55,70.12,B,Good,High Risk,Completed,4,70.46
58,Aditya Nair,Computer Science & Engineering,CSE,4,CN,Computer Networks,83.43,92.27,78.13,73.91,81.1,80.32,A,Good,Low Risk,Completed,4,80.91
58,Aditya Nair,Computer Science & Engineering,CSE,4,ML,Introduction to Machine Learning,80.51,65.57,62.63,57.16,94.58,75.81,B,Good,Low Risk,Completed,3,75.17
58,Aditya Nair,Computer Science & Engineering,CSE,4,DBMS,Database Management Systems,71.32,72.63,58.15,77.41,56.6,65.4,C,Average,Medium Risk,Completed,4,68.05
59,Nisha Patel,Business Administration,BBA,4,STAT,Business Statistics,99.65,50.1,63.69,68.95,67.94,65.14,C,Average,Low Risk,Completed,4,73.53
59,Nisha Patel,Business Administration,BBA,4,FIN,Financial Management,80.16,68.97,80.01,94.76,64.75,75.91,B,Good,Low Risk,Completed,3,75.17
59,Nisha Patel,Business Administration,BBA,4,RM,Research Methodology,100.0,62.9,88.61,89.4,65.3,74.5,B,Good,Low Risk,Completed,4,80.15
60,Reyansh Iyer,Mechanical Engineering,ME,5,EM,Engineering Mechanics,79.73,89.5,82.56,80.38,84.75,83.93,A,Good,Medium Risk,Completed,3,80.7
60,Reyansh Iyer,Mechanical Engineering,ME,5,THM,Thermodynamics,72.37,74.75,51.74,76.05,83.41,76.74,B,Good,Medium Risk,Completed,3,74.19
60,Reyansh Iyer,Mechanical Engineering,ME,5,DSP,Digital Signal Processing,93.08,64.39,94.56,81.1,69.03,74.51,B,Good,Low Risk,Completed,4,78.77
61,Tanya Nair,Business Administration,BBA,5,PM,Project Management,81.97,84.09,65.65,80.56,62.74,71.58,B,Good,Low Risk,Completed,4,74.5
61,Tanya Nair,Business Administration,BBA,5,MKT,Principles of Marketing,70.69,73.51,72.25,67.85,49.05,60.68,C,Average,Medium Risk,Completed,4,64.61
61,Tanya Nair,Business Administration,BBA,5,STAT,Business Statistics,84.04,100.0,89.28,88.67,83.85,88.26,A,Excellent,Low Risk,Completed,4,86.59
62,Nisha Patel,Computer Science & Engineering,CSE,3,DSA,Data Structures & Algorithms,86.75,79.74,58.74,55.53,49.14,56.6,D,Average,Medium Risk,Completed,4,64.97
62,Nisha Patel,Computer Science & Engineering,CSE,3,CN,Computer Networks,56.09,62.65,86.68,58.69,69.82,67.09,C,Average,High Risk,Completed,4,66.18
62,Nisha Patel,Computer Science & Engineering,CSE,3,DBMS,Database Management Systems,88.98,67.91,72.02,74.35,63.8,68.4,C,Average,Low Risk,Completed,5,75.68
63,Saanvi Das,Mechanical Engineering,ME,6,EM,Engineering Mechanics,72.06,75.27,57.12,70.21,70.79,69.92,C,Average,Medium Risk,Completed,5,73.36
63,Saanvi Das,Mechanical Engineering,ME,6,THM,Thermodynamics,80.78,85.87,92.38,83.83,78.82,82.74,A,Good,Low Risk,Completed,3,80.07
63,Saanvi Das,Mechanical Engineering,ME,6,DSP,Digital Signal Processing,74.65,53.12,54.97,59.84,66.57,61.38,C,Average,Medium Risk,Completed,4,65.89
64,Rohan Mehta,Electronics & Communication,ECE,5,DSP,Digital Signal Processing,81.7,58.08,64.57,76.25,64.32,66.99,C,Average,Low Risk,Completed,4,71.23
64,Rohan Mehta,Electronics & Communication,ECE,5,VLSI,VLSI Design,95.49,88.23,100.0,92.0,87.32,90.13,A+,Excellent,Low Risk,Completed,4,90.19
64,Rohan Mehta,Electronics & Communication,ECE,5,MKT,Principles of Marketing,75.46,70.07,68.3,68.4,74.61,71.44,B,Good,Medium Risk,Completed,5,75.1
65,Aditya Roy,Business Administration,BBA,7,RM,Research Methodology,67.2,57.86,92.61,68.36,81.7,75.21,B,Good,High Risk,Completed,3,72.09
65,Aditya Roy,Business Administration,BBA,7,STAT,Business Statistics,81.52,57.97,41.46,21.87,44.82,39.57,F,Critical,High Risk,Incomplete,4,52.01
65,Aditya Roy,Business Administration,BBA,7,MKT,Principles of Marketing,78.64,54.1,59.2,55.57,43.58,50.32,D,Needs Improvement,Medium Risk,Completed,5,60.95
66,Aarav Gupta,Mechanical Engineering,ME,3,EM,Engineering Mechanics,79.38,60.76,62.78,60.36,69.02,64.56,C,Average,Medium Risk,Completed,5,71.07
66,Aarav Gupta,Mechanical Engineering,ME,3,THM,Thermodynamics,60.9,70.25,51.03,48.18,69.02,61.15,C,Average,High Risk,Completed,4,62.99
66,Aarav Gupta,Mechanical Engineering,ME,3,DBMS,Database Management Systems,90.72,89.03,100.0,87.25,100.0,94.53,A+,Excellent,Low Risk,Completed,4,92.32
67,Neha Iyer,Mechanical Engineering,ME,7,EM,Engineering Mechanics,98.43,87.94,76.58,92.68,80.49,84.87,A,Good,Low Risk,Completed,5,89.1
67,Neha Iyer,Mechanical Engineering,ME,7,THM,Thermodynamics,76.64,75.49,55.47,62.95,89.04,75.82,B,Good,Medium Risk,Completed,4,76.41
67,Neha Iyer,Mechanical Engineering,ME,7,ML,Introduction to Machine Learning,83.11,71.29,66.06,70.39,51.36,61.53,C,Average,Low Risk,Completed,3,65.69
68,Nisha Sen,Business Administration,BBA,3,MKT,Principles of Marketing,80.02,87.51,100.0,96.13,96.49,95.39,A+,Excellent,Low Risk,Completed,5,92.77
68,Nisha Sen,Business Administration,BBA,3,PM,Project Management,87.89,64.85,65.5,81.09,71.37,72.72,B,Good,Low Risk,Completed,4,76.48
68,Nisha Sen,Business Administration,BBA,3,RM,Research Methodology,78.67,76.48,70.33,63.24,100.0,82.48,A,Good,Medium Risk,Completed,3,79.47
69,Ira Singh,Business Administration,BBA,7,MKT,Principles of Marketing,76.75,72.42,77.13,78.81,63.35,70.73,B,Good,Medium Risk,Completed,4,72.86
69,Ira Singh,Business Administration,BBA,7,STAT,Business Statistics,78.12,91.46,79.28,83.47,84.35,84.65,A,Good,Medium Risk,Completed,5,84.88
69,Ira Singh,Business Administration,BBA,7,RM,Research Methodology,67.42,78.17,64.36,68.36,82.21,75.66,B,Good,High Risk,Completed,5,76.45
70,Shaurya Gupta,Electronics & Communication,ECE,1,DSP,Digital Signal Processing,83.13,89.28,73.14,100.0,80.04,86.72,A,Excellent,Low Risk,Completed,3,83.33
70,Shaurya Gupta,Electronics & Communication,ECE,1,VLSI,VLSI Design,85.44,93.94,87.12,79.52,67.35,76.96,B,Good,Low Risk,Completed,4,78.96
70,Shaurya Gupta,Electronics & Communication,ECE,1,DBMS,Database Management Systems,72.36,67.68,79.83,66.14,48.44,59.78,D,Average,Medium Risk,Completed,4,64.31
71,Kunal Das,Mechanical Engineering,ME,2,EM,Engineering Mechanics,76.49,85.02,84.54,77.73,95.14,87.34,A,Excellent,Medium Risk,Completed,4,84.43
71,Kunal Das,Mechanical Engineering,ME,2,THM,Thermodynamics,72.03,72.66,83.7,72.93,98.76,85.59,A,Excellent,Medium Risk,Completed,4,82.32
71,Kunal Das,Mechanical Engineering,ME,2,CN,Computer Networks,89.81,60.51,51.57,57.91,90.85,72.49,B,Good,Low Risk,Completed,4,76.7
72,Ira Jain,Mechanical Engineering,ME,7,EM,Engineering Mechanics,79.04,99.85,100.0,100.0,100.0,99.98,A+,Excellent,Medium Risk,Completed,5,95.79
72,Ira Jain,Mechanical Engineering,ME,7,THM,Thermodynamics,88.14,92.07,75.67,75.29,85.25,82.33,A,Good,Low Risk,Completed,4,83.26
72,Ira Jain,Mechanical Engineering,ME,7,STAT,Business Statistics,85.98,76.11,65.62,82.81,53.86,67.06,C,Average,Low Risk,Completed,4,72.14
73,Sneha Bose,Business Administration,BBA,3,FIN,Financial Management,59.79,62.57,59.94,80.05,71.97,71.78,B,Good,High Risk,Completed,3,68.2
73,Sneha Bose,Business Administration,BBA,3,PM,Project Management,96.22,100.0,89.53,83.7,90.78,89.91,A,Excellent,Low Risk,Completed,5,92.18
73,Sneha Bose,Business Administration,BBA,3,MKT,Principles of Marketing,99.5,89.73,79.18,96.16,74.39,83.7,A,Good,Low Risk,Completed,4,86.49
74,Reyansh Sen,Civil Engineering,CE,6,SUR,Surveying,75.02,54.28,74.39,64.37,57.19,60.63,C,Average,Medium Risk,Completed,2,61.44
74,Reyansh Sen,Civil Engineering,CE,6,SOM,Strength of Materials,97.66,88.28,64.18,65.05,78.3,74.41,B,Good,Low Risk,Completed,3,77.62
74,Reyansh Sen,Civil Engineering,CE,6,DBMS,Database Management Systems,88.31,87.89,72.42,73.38,66.09,72.18,B,Good,Low Risk,Completed,3,74.19
75,Kunal Mehta,Civil Engineering,CE,4,SUR,Surveying,83.18,78.42,57.64,85.7,67.03,73.4,B,Good,Low Risk,Completed,4,76.02
75,Kunal Mehta,Civil Engineering,CE,4,SOM,Strength of Materials,54.14,71.87,69.88,59.94,64.84,64.93,C,Average,High Risk,Completed,4,64.28
75,Kunal Mehta,Civil Engineering,CE,4,STAT,Business Statistics,71.33,61.19,36.2,56.48,37.97,46.83,F,Needs Improvement,High Risk,Completed,4,55.05
76,Sneha Sen,Mechanical Engineering,ME,2,EM,Engineering Mechanics,63.77,83.22,60.76,62.66,74.98,71.1,B,Good,High Risk,Completed,5,72.52
76,Sneha Sen,Mechanical Engineering,ME,2,THM,Thermodynamics,78.42,64.1,66.13,61.75,56.41,60.14,C,Average,Medium Risk,Completed,3,63.78
76,Sneha Sen,Mechanical Engineering,ME,2,ML,Introduction to Machine Learning,69.46,43.82,76.27,82.98,45.68,59.65,D,Average,High Risk,Completed,3,61.65
77,Vivaan Mehta,Civil Engineering,CE,8,SUR,Surveying,100.0,79.64,68.69,77.42,96.93,85.66,A,Excellent,Low Risk,Completed,4,87.96
77,Vivaan Mehta,Civil Engineering,CE,8,SOM,Strength of Materials,73.45,52.88,61.88,80.28,67.29,68.48,C,Average,Medium Risk,Completed,4,70.63
77,Vivaan Mehta,Civil Engineering,CE,8,RM,Research Methodology,63.74,77.33,65.56,66.51,100.0,83.11,A,Good,High Risk,Completed,4,78.92
78,Tanya Jain,Electronics & Communication,ECE,8,DSP,Digital Signal Processing,74.11,74.46,62.34,47.16,75.01,65.3,C,Average,Medium Risk,Completed,4,68.54
78,Tanya Jain,Electronics & Communication,ECE,8,VLSI,VLSI Design,94.85,90.01,100.0,95.23,100.0,97.07,A+,Excellent,Low Risk,Completed,4,94.92
78,Tanya Jain,Electronics & Communication,ECE,8,CN,Computer Networks,71.74,72.14,55.83,57.4,51.38,56.75,D,Average,Medium Risk,Completed,4,62.07
79,Tanya Bose,Mechanical Engineering,ME,4,EM,Engineering Mechanics,73.78,96.99,100.0,95.87,100.0,98.31,A+,Excellent,Medium Risk,Completed,3,89.57
79,Tanya Bose,Mechanical Engineering,ME,4,THM,Thermodynamics,79.05,87.0,89.39,100.0,85.1,90.28,A+,Excellent,Medium Risk,Completed,4,87.01
79,Tanya Bose,Mechanical Engineering,ME,4,DSP,Digital Signal Processing,76.89,77.72,68.79,76.19,91.14,82.41,A,Good,Medium Risk,Completed,3,79.06
80,Kunal Das,Electronics & Communication,ECE,7,DSP,Digital Signal Processing,95.63,84.5,58.22,78.99,100.0,87.19,A,Excellent,Low Risk,Completed,4,88.16
80,Kunal Das,Electronics & Communication,ECE,7,VLSI,VLSI Design,72.79,68.41,64.57,57.38,56.61,59.41,D,Average,Medium Risk,Completed,4,64.14
80,Kunal Das,Electronics & Communication,ECE,7,DBMS,Database Management Systems,94.16,57.71,73.54,77.67,73.91,72.57,B,Good,Low Risk,Completed,4,77.63
81,Meera Patel,Mechanical Engineering,ME,5,EM,Engineering Mechanics,80.63,67.81,78.74,63.88,92.1,78.65,B,Good,Low Risk,Completed,4,79.18
81,Meera Patel,Mechanical Engineering,ME,5,THM,Thermodynamics,83.27,71.82,79.45,69.19,85.87,78.12,B,Good,Low Risk,Completed,3,77.34
81,Meera Patel,Mechanical Engineering,ME,5,DSP,Digital Signal Processing,99.66,63.51,63.38,79.17,76.67,74.12,B,Good,Low Risk,Completed,4,79.82
82,Riya Khan,Mechanical Engineering,ME,6,EM,Engineering Mechanics,87.4,88.97,80.79,75.22,86.94,83.11,A,Good,Low Risk,Completed,5,85.66
82,Riya Khan,Mechanical Engineering,ME,6,THM,Thermodynamics,69.97,81.48,66.96,46.51,81.58,69.58,C,Average,High Risk,Completed,4,70.7
82,Riya Khan,Mechanical Engineering,ME,6,MKT,Principles of Marketing,83.12,72.82,77.43,66.12,78.07,73.63,B,Good,Low Risk,Completed,4,76.17
83,Anika Chatterjee,Computer Science & Engineering,CSE,1,DBMS,Database Management Systems,87.75,71.51,91.9,74.97,91.56,83.61,A,Good,Low Risk,Completed,4,84.08
83,Anika Chatterjee,Computer Science & Engineering,CSE,1,DSA,Data Structures & Algorithms,81.74,90.57,91.83,90.72,100.0,94.98,A+,Excellent,Low Risk,Completed,3,88.84
83,Anika Chatterjee,Computer Science & Engineering,CSE,1,CN,Computer Networks,67.05,68.86,77.88,58.21,58.33,61.83,C,Average,High Risk,Completed,4,64.69
84,Myra Verma,Computer Science & Engineering,CSE,2,CN,Computer Networks,73.24,88.33,95.64,91.45,89.22,90.4,A+,Excellent,Medium Risk,Completed,5,87.93
84,Myra Verma,Computer Science & Engineering,CSE,2,DSA,Data Structures & Algorithms,80.94,33.02,15.59,45.18,57.05,45.74,F,Needs Improvement,High Risk,Completed,4,56.2
84,Myra Verma,Computer Science & Engineering,CSE,2,ML,Introduction to Machine Learning,98.18,96.58,100.0,91.6,85.34,90.37,A+,Excellent,Low Risk,Completed,3,88.9
85,Anika Das,Civil Engineering,CE,5,SUR,Surveying,71.04,90.76,64.94,70.4,76.67,75.73,B,Good,Medium Risk,Completed,4,75.22
85,Anika Das,Civil Engineering,CE,5,SOM,Strength of Materials,77.43,94.29,81.43,77.82,86.0,84.33,A,Good,Medium Risk,Completed,4,82.52
85,Anika Das,Civil Engineering,CE,5,PM,Project Management,72.15,52.79,63.85,50.3,76.97,64.03,C,Average,Medium Risk,Completed,4,67.25
86,Diya Khan,Computer Science & Engineering,CSE,2,CN,Computer Networks,73.76,46.99,56.34,69.25,33.01,48.31,F,Needs Improvement,High Risk,Completed,4,56.57
86,Diya Khan,Computer Science & Engineering,CSE,2,DBMS,Database Management Systems,86.37,72.21,59.05,66.57,61.53,64.39,C,Average,Low Risk,Completed,5,72.35
86,Diya Khan,Computer Science & Engineering,CSE,2,ML,Introduction to Machine Learning,99.06,71.65,61.75,55.6,51.62,56.83,D,Average,Medium Risk,Completed,3,65.59
87,Ananya Roy,Mechanical Engineering,ME,2,EM,Engineering Mechanics,85.66,59.39,83.95,69.89,77.97,73.36,B,Good,Low Risk,Completed,5,78.48
87,Ananya Roy,Mechanical Engineering,ME,2,THM,Thermodynamics,79.25,73.85,54.94,74.85,81.23,75.58,B,Good,Medium Risk,Completed,3,74.76
87,Ananya Roy,Mechanical Engineering,ME,2,SOM,Strength of Materials,80.49,68.18,60.62,72.28,76.73,72.5,B,Good,Low Risk,Completed,3,72.85
88,Shaurya Roy,Mechanical Engineering,ME,7,EM,Engineering Mechanics,82.06,89.12,95.43,91.5,100.0,95.36,A+,Excellent,Low Risk,Completed,4,91.16
88,Shaurya Roy,Mechanical Engineering,ME,7,THM,Thermodynamics,82.29,53.21,63.95,64.29,63.15,62.08,C,Average,Low Risk,Completed,4,67.92
88,Shaurya Roy,Mechanical Engineering,ME,7,SUR,Surveying,70.45,50.35,49.34,38.11,65.61,53.44,D,Needs Improvement,Medium Risk,Completed,3,57.5
89,Rahul Chatterjee,Mechanical Engineering,ME,3,EM,Engineering Mechanics,86.37,77.17,100.0,70.5,95.66,85.78,A,Excellent,Low Risk,Completed,5,87.32
89,Rahul Chatterjee,Mechanical Engineering,ME,3,THM,Thermodynamics,92.48,61.45,65.42,66.82,63.34,64.31,C,Average,Low Risk,Completed,5,73.51
89,Rahul Chatterjee,Mechanical Engineering,ME,3,EM,Engineering Mechanics,64.23,94.57,59.57,92.88,96.04,91.22,A+,Excellent,High Risk,Completed,3,82.7
90,Kunal Khan,Electronics & Communication,ECE,3,DSP,Digital Signal Processing,68.06,64.92,61.37,75.65,83.79,76.28,B,Good,High Risk,Completed,5,77.0
90,Kunal Khan,Electronics & Communication,ECE,3,VLSI,VLSI Design,76.69,48.42,53.58,75.87,85.64,73.92,B,Good,Medium Risk,Completed,3,73.08
90,Kunal Khan,Electronics & Communication,ECE,3,EM,Engineering Mechanics,78.46,67.69,53.18,69.56,60.2,63.43,C,Average,Medium Risk,Completed,4,68.09
91,Ira Mehta,Business Administration,BBA,1,PM,Project Management,81.24,74.19,75.24,77.58,75.12,75.73,B,Good,Low Risk,Completed,4,77.26
91,Ira Mehta,Business Administration,BBA,1,STAT,Business Statistics,89.06,88.23,97.55,87.51,100.0,94.24,A+,Excellent,Low Risk,Completed,4,91.78
91,Ira Mehta,Business Administration,BBA,1,FIN,Financial Management,84.25,55.0,55.19,57.58,73.43,64.09,C,Average,Low Risk,Completed,5,71.71
92,Ayaan Khan,Mechanical Engineering,ME,6,EM,Engineering Mechanics,91.06,100.0,74.39,92.03,89.55,90.34,A+,Excellent,Low Risk,Completed,4,89.45
92,Ayaan Khan,Mechanical Engineering,ME,6,THM,Thermodynamics,74.92,50.19,76.96,58.18,73.85,65.91,C,Average,Medium Risk,Completed,5,71.12
92,Ayaan Khan,Mechanical Engineering,ME,6,DSP,Digital Signal Processing,52.71,58.11,72.18,82.51,47.21,61.93,C,Average,High Risk,Completed,4,61.9
93,Sara Roy,Civil Engineering,CE,4,SUR,Surveying,77.94,92.86,46.38,69.21,73.03,72.19,B,Good,Medium Risk,Completed,5,76.12
93,Sara Roy,Civil Engineering,CE,4,SOM,Strength of Materials,83.29,69.26,74.41,69.4,81.63,75.39,B,Good,Low Risk,Completed,4,77.43
93,Sara Roy,Civil Engineering,CE,4,THM,Thermodynamics,80.52,87.79,73.91,57.02,92.67,79.37,B,Good,Low Risk,Completed,3,77.66
94,Aditya Chatterjee,Business Administration,BBA,6,RM,Research Methodology,72.63,77.9,36.53,98.67,77.83,79.96,B,Good,Medium Risk,Completed,4,78.5
94,Aditya Chatterjee,Business Administration,BBA,6,FIN,Financial Management,82.74,76.55,77.08,77.45,73.42,75.46,B,Good,Low Risk,Completed,4,77.37
94,Aditya Chatterjee,Business Administration,BBA,6,STAT,Business Statistics,77.72,81.52,75.31,37.84,79.06,66.69,C,Average,Medium Risk,Completed,4,70.23
95,Krishna Bose,Computer Science & Engineering,CSE,4,DSA,Data Structures & Algorithms,76.07,83.02,81.15,63.27,77.66,74.5,B,Good,Medium Risk,Completed,3,73.36
95,Krishna Bose,Computer Science & Engineering,CSE,4,ML,Introduction to Machine Learning,70.75,64.07,64.88,61.09,65.15,63.74,C,Average,Medium Risk,Completed,4,66.77
95,Krishna Bose,Computer Science & Engineering,CSE,4,CN,Computer Networks,82.93,72.31,71.35,77.38,73.8,74.41,B,Good,Low Risk,Completed,4,76.67
96,Vivaan Das,Electronics & Communication,ECE,8,DSP,Digital Signal Processing,82.05,76.02,80.88,76.65,77.74,77.47,B,Good,Low Risk,Completed,4,78.64
96,Vivaan Das,Electronics & Communication,ECE,8,VLSI,VLSI Design,75.21,43.55,63.05,62.5,53.69,55.75,D,Average,Medium Risk,Completed,4,62.07
96,Vivaan Das,Electronics & Communication,ECE,8,DBMS,Database Management Systems,65.95,75.62,72.02,72.91,94.2,82.81,A,Good,High Risk,Completed,4,79.16
97,Nisha Roy,Business Administration,BBA,4,MKT,Principles of Marketing,59.39,75.18,51.95,69.49,73.15,70.24,B,Good,High Risk,Completed,5,71.04
97,Nisha Roy,Business Administration,BBA,4,RM,Research Methodology,46.98,58.13,75.9,69.92,59.81,64.2,C,Average,High Risk,Completed,4,62.34
97,Nisha Roy,Business Administration,BBA,4,FIN,Financial Management,72.01,86.45,85.75,93.35,100.0,94.55,A+,Excellent,Medium Risk,Completed,4,88.58
98,Aadhya Das,Civil Engineering,CE,3,SUR,Surveying,78.64,48.2,55.56,61.39,60.6,58.47,D,Average,Medium Risk,Completed,4,64.66
98,Aadhya Das,Civil Engineering,CE,3,SOM,Strength of Materials,89.43,62.13,60.02,58.52,64.99,62.13,C,Average,Low Risk,Completed,5,71.38
98,Aadhya Das,Civil Engineering,CE,3,THM,Thermodynamics,71.55,58.56,43.44,52.58,56.88,54.5,D,Needs Improvement,Medium Risk,Completed,5,62.46
99,Reyansh Bose,Computer Science & Engineering,CSE,8,DBMS,Database Management Systems,82.5,83.66,71.5,79.45,74.91,77.24,B,Good,Low Risk,Completed,4,78.57
99,Reyansh Bose,Computer Science & Engineering,CSE,8,DSA,Data Structures & Algorithms,54.35,63.66,80.08,75.2,77.59,75.03,B,Good,High Risk,Completed,5,73.39
99,Reyansh Bose,Computer Science & Engineering,CSE,8,CN,Computer Networks,82.16,66.89,67.27,79.84,88.51,80.54,A,Good,Low Risk,Completed,4,80.81
100,Sai Bose,Computer Science & Engineering,CSE,8,DSA,Data Structures & Algorithms,79.03,72.61,47.27,41.34,60.99,55.47,D,Average,Medium Risk,Completed,3,60.63
100,Sai Bose,Computer Science & Engineering,CSE,8,DBMS,Database Management Systems,77.42,61.37,81.33,69.5,70.51,69.92,C,Average,Medium Risk,Completed,4,72.43
100,Sai Bose,Computer Science & Engineering,CSE,8,CN,Computer Networks,87.93,57.58,64.38,46.54,40.69,47.35,F,Needs Improvement,High Risk,Completed,5,60.73
101,Saanvi Mehta,Business Administration,BBA,7,PM,Project Management,71.79,67.82,88.02,63.43,97.23,81.76,A,Good,Medium Risk,Completed,3,77.59
101,Saanvi Mehta,Business Administration,BBA,7,STAT,Business Statistics,78.09,85.69,71.13,77.87,81.15,79.85,B,Good,Medium Risk,Completed,3,77.51
101,Saanvi Mehta,Business Administration,BBA,7,FIN,Financial Management,76.47,78.6,66.96,52.7,79.6,70.12,B,Good,Medium Risk,Completed,5,74.38
102,Meera Iyer,Business Administration,BBA,8,RM,Research Methodology,81.5,78.79,79.68,87.43,68.25,76.73,B,Good,Low Risk,Completed,5,80.01
102,Meera Iyer,Business Administration,BBA,8,FIN,Financial Management,88.73,84.97,78.82,87.99,88.69,86.93,A,Excellent,Low Risk,Completed,4,86.6
102,Meera Iyer,Business Administration,BBA,8,STAT,Business Statistics,79.78,80.61,48.25,48.97,68.09,62.25,C,Average,Medium Risk,Completed,4,67.53
103,Krishna Mehta,Mechanical Engineering,ME,5,EM,Engineering Mechanics,82.81,71.85,89.96,56.47,65.14,66.03,C,Average,Low Risk,Completed,4,70.78
103,Krishna Mehta,Mechanical Engineering,ME,5,THM,Thermodynamics,74.69,68.9,50.53,54.82,38.16,49.01,F,Needs Improvement,High Risk,Completed,4,57.24
103,Krishna Mehta,Mechanical Engineering,ME,5,STAT,Business Statistics,76.01,80.31,72.19,55.27,71.46,68.0,C,Average,Medium Risk,Completed,4,70.8
104,Sara Patel,Business Administration,BBA,5,RM,Research Methodology,98.27,75.53,73.95,71.85,83.87,78.02,B,Good,Low Risk,Completed,4,82.27
104,Sara Patel,Business Administration,BBA,5,FIN,Financial Management,81.37,80.65,83.67,74.66,100.0,87.86,A,Excellent,Low Risk,Completed,3,83.78
104,Sara Patel,Business Administration,BBA,5,PM,Project Management,100.0,74.28,69.94,70.28,73.05,72.1,B,Good,Low Risk,Completed,5,80.47
105,Ananya Gupta,Electronics & Communication,ECE,2,DSP,Digital Signal Processing,90.56,31.22,40.26,40.74,53.52,45.01,F,Needs Improvement,High Risk,Completed,3,55.62
105,Ananya Gupta,Electronics & Communication,ECE,2,VLSI,VLSI Design,100.0,63.91,77.82,70.26,83.66,76.09,B,Good,Low Risk,Completed,4,81.27
105,Ananya Gupta,Electronics & Communication,ECE,2,DSP,Digital Signal Processing,83.49,82.35,60.01,72.22,49.78,62.42,C,Average,Low Risk,Completed,3,66.39
106,Krishna Khan,Electronics & Communication,ECE,3,DSP,Digital Signal Processing,95.86,81.23,71.91,77.66,63.66,71.32,B,Good,Low Risk,Completed,4,77.1
106,Krishna Khan,Electronics & Communication,ECE,3,VLSI,VLSI Design,77.38,77.89,83.78,77.78,82.79,80.65,A,Good,Medium Risk,Completed,5,81.93
106,Krishna Khan,Electronics & Communication,ECE,3,ML,Introduction to Machine Learning,75.88,62.56,75.97,67.04,62.24,65.1,C,Average,Medium Risk,Completed,5,70.75
107,Myra Khan,Electronics & Communication,ECE,6,DSP,Digital Signal Processing,77.06,70.37,99.13,81.5,99.52,89.7,A,Excellent,Medium Risk,Completed,3,84.21
107,Myra Khan,Electronics & Communication,ECE,6,VLSI,VLSI Design,69.82,90.02,80.88,72.22,78.83,78.73,B,Good,High Risk,Completed,4,77.07
107,Myra Khan,Electronics & Communication,ECE,6,DSA,Data Structures & Algorithms,86.07,93.04,52.5,91.06,75.52,80.51,A,Good,Low Risk,Completed,3,79.57
108,Ayaan Mehta,Business Administration,BBA,7,RM,Research Methodology,75.24,65.25,52.51,72.66,39.62,54.67,D,Needs Improvement,Medium Risk,Completed,4,61.31
108,Ayaan Mehta,Business Administration,BBA,7,PM,Project Management,80.93,65.84,49.92,28.32,60.36,50.53,D,Needs Improvement,Medium Risk,Completed,4,59.56
108,Ayaan Mehta,Business Administration,BBA,7,MKT,Principles of Marketing,93.23,66.14,83.01,89.97,56.51,70.64,B,Good,Low Risk,Completed,4,76.1
109,Priya Verma,Civil Engineering,CE,1,SUR,Surveying,78.1,69.43,58.1,58.52,67.36,64.09,C,Average,Medium Risk,Completed,3,66.48
109,Priya Verma,Civil Engineering,CE,1,SOM,Strength of Materials,84.45,47.48,64.97,64.06,39.26,50.5,D,Needs Improvement,Medium Risk,Completed,4,60.24
109,Priya Verma,Civil Engineering,CE,1,PM,Project Management,72.77,81.69,89.87,94.95,84.31,87.66,A,Excellent,Medium Risk,Completed,4,83.92
110,Diya Chatterjee,Business Administration,BBA,7,RM,Research Methodology,100.0,98.86,88.09,80.18,80.1,83.74,A,Good,Low Risk,Completed,4,86.62
110,Diya Chatterjee,Business Administration,BBA,7,PM,Project Management,94.92,83.53,56.98,88.59,66.04,74.52,B,Good,Low Risk,Completed,4,79.15
110,Diya Chatterjee,Business Administration,BBA,7,MKT,Principles of Marketing,100.0,100.0,80.28,72.99,82.42,82.01,A,Good,Low Risk,Completed,5,87.41
111,Neha Sen,Civil Engineering,CE,4,SUR,Surveying,97.26,70.45,72.12,75.48,74.21,73.82,B,Good,Low Risk,Completed,5,81.12
111,Neha Sen,Civil Engineering,CE,4,SOM,Strength of Materials,73.08,53.59,67.87,73.16,71.09,68.76,C,Average,Medium Risk,Completed,5,72.75
111,Neha Sen,Civil Engineering,CE,4,SUR,Surveying,86.68,61.02,65.29,79.58,83.12,76.96,B,Good,Low Risk,Completed,4,79.21
112,Ishaan Khan,Civil Engineering,CE,8,SUR,Surveying,64.67,67.57,79.83,77.47,78.15,76.53,B,Good,High Risk,Completed,4,74.5
112,Ishaan Khan,Civil Engineering,CE,8,SOM,Strength of Materials,73.41,79.07,75.14,77.5,66.77,72.67,B,Good,Medium Risk,Completed,2,69.55
112,Ishaan Khan,Civil Engineering,CE,8,CN,Computer Networks,77.58,76.54,91.49,80.85,98.89,89.38,A,Excellent,Medium Risk,Completed,4,86.08
113,Neha Singh,Computer Science & Engineering,CSE,8,CN,Computer Networks,67.82,92.32,81.34,76.14,82.92,82.14,A,Good,High Risk,Completed,3,77.06
113,Neha Singh,Computer Science & Engineering,CSE,8,DSA,Data Structures & Algorithms,70.59,63.38,56.64,89.14,70.35,73.57,B,Good,Medium Risk,Completed,5,75.62
113,Neha Singh,Computer Science & Engineering,CSE,8,ML,Introduction to Machine Learning,61.77,54.41,78.4,63.86,59.99,62.15,C,Average,High Risk,Completed,4,63.86
114,Ira Sharma,Electronics & Communication,ECE,7,DSP,Digital Signal Processing,92.26,92.51,71.7,63.43,74.06,73.4,B,Good,Low Risk,Completed,4,77.83
114,Ira Sharma,Electronics & Communication,ECE,7,VLSI,VLSI Design,68.35,63.87,57.85,60.8,52.33,57.15,D,Average,High Risk,Completed,4,61.68
114,Ira Sharma,Electronics & Communication,ECE,7,SOM,Strength of Materials,86.91,71.26,36.75,50.68,43.95,49.35,F,Needs Improvement,High Risk,Completed,4,59.92
115,Rohan Khan,Business Administration,BBA,3,PM,Project Management,65.32,61.78,56.95,73.28,72.83,69.72,C,Average,High Risk,Completed,3,67.87
115,Rohan Khan,Business Administration,BBA,3,MKT,Principles of Marketing,74.92,71.41,92.2,88.87,59.53,73.38,B,Good,Medium Risk,Completed,5,76.35
115,Rohan Khan,Business Administration,BBA,3,RM,Research Methodology,70.27,89.92,98.19,69.39,71.73,76.4,B,Good,Medium Risk,Completed,5,77.54
116,Vivaan Chatterjee,Civil Engineering,CE,7,SUR,Surveying,86.1,78.66,77.95,60.67,88.83,77.77,B,Good,Low Risk,Completed,5,81.66
116,Vivaan Chatterjee,Civil Engineering,CE,7,SOM,Strength of Materials,79.07,53.94,73.42,75.54,69.5,69.37,C,Average,Medium Risk,Completed,5,74.37
116,Vivaan Chatterjee,Civil Engineering,CE,7,ML,Introduction to Machine Learning,84.92,57.79,65.71,66.07,71.69,67.32,C,Average,Low Risk,Completed,4,72.11
117,Sara Gupta,Mechanical Engineering,ME,6,EM,Engineering Mechanics,87.98,66.05,49.14,89.67,88.0,81.32,A,Good,Low Risk,Completed,3,80.52
117,Sara Gupta,Mechanical Engineering,ME,6,THM,Thermodynamics,76.46,82.91,81.81,77.7,71.87,76.27,B,Good,Medium Risk,Completed,4,76.68
117,Sara Gupta,Mechanical Engineering,ME,6,CN,Computer Networks,69.7,60.33,50.42,68.51,79.85,70.58,B,Good,High Risk,Completed,4,71.35
118,Priya Mehta,Civil Engineering,CE,7,SUR,Surveying,85.51,79.59,73.78,83.04,81.66,80.98,A,Good,Low Risk,Completed,3,79.79
118,Priya Mehta,Civil Engineering,CE,7,SOM,Strength of Materials,90.75,74.8,80.89,89.95,80.92,82.71,A,Good,Low Risk,Completed,5,86.04
118,Priya Mehta,Civil Engineering,CE,7,DSP,Digital Signal Processing,76.82,84.19,99.65,100.0,96.23,95.9,A+,Excellent,Medium Risk,Completed,5,92.49
119,Aditya Iyer,Mechanical Engineering,ME,1,EM,Engineering Mechanics,84.04,49.88,74.57,77.85,47.74,59.78,D,Average,Medium Risk,Completed,4,66.65
119,Aditya Iyer,Mechanical Engineering,ME,1,THM,Thermodynamics,77.99,81.86,80.62,61.2,83.15,76.12,B,Good,Medium Risk,Completed,4,76.88
119,Aditya Iyer,Mechanical Engineering,ME,1,RM,Research Methodology,93.37,53.52,73.84,63.01,63.73,62.99,C,Average,Low Risk,Completed,5,72.77
120,Rohan Patel,Business Administration,BBA,1,MKT,Principles of Marketing,86.44,85.76,70.1,69.35,64.06,69.51,C,Average,Low Risk,Completed,3,71.94
120,Rohan Patel,Business Administration,BBA,1,STAT,Business Statistics,97.13,84.49,80.13,100.0,100.0,95.69,A+,Excellent,Low Risk,Completed,4,94.41
120,Rohan Patel,Business Administration,BBA,1,PM,Project Management,78.19,72.22,67.97,44.53,67.18,61.22,C,Average,Medium Risk,Completed,3,64.49
121,Saanvi Singh,Computer Science & Engineering,CSE,4,DSA,Data Structures & Algorithms,100.0,77.78,68.34,84.24,80.89,80.18,A,Good,Low Risk,Completed,4,84.12
121,Saanvi Singh,Computer Science & Engineering,CSE,4,DBMS,Database Management Systems,100.0,67.97,82.97,69.09,86.95,78.35,B,Good,Low Risk,Completed,3,80.84
121,Saanvi Singh,Computer Science & Engineering,CSE,4,ML,Introduction to Machine Learning,76.15,76.75,76.01,53.29,68.65,65.99,C,Average,Medium Risk,Completed,4,69.42
122,Kunal Patel,Electronics & Communication,ECE,4,DSP,Digital Signal Processing,75.11,53.81,84.02,61.66,41.37,53.59,D,Needs Improvement,Medium Risk,Completed,4,60.53
122,Kunal Patel,Electronics & Communication,ECE,4,VLSI,VLSI Design,100.0,68.4,59.7,100.0,89.93,86.7,A,Excellent,Low Risk,Completed,3,86.69
122,Kunal Patel,Electronics & Communication,ECE,4,THM,Thermodynamics,54.8,78.45,80.35,88.58,67.25,76.64,B,Good,High Risk,Completed,4,72.61
123,Ishaan Bose,Civil Engineering,CE,6,SUR,Surveying,80.55,51.94,54.0,49.94,69.71,59.54,D,Average,Medium Risk,Completed,5,67.79
123,Ishaan Bose,Civil Engineering,CE,6,SOM,Strength of Materials,79.88,54.7,63.59,68.63,100.0,80.15,A,Good,Medium Risk,Completed,3,78.08
123,Ishaan Bose,Civil Engineering,CE,6,FIN,Financial Management,93.13,92.38,100.0,93.66,95.24,94.81,A+,Excellent,Low Risk,Completed,4,93.0
124,Saanvi Sen,Electronics & Communication,ECE,2,DSP,Digital Signal Processing,93.61,80.43,68.85,84.45,78.08,79.42,B,Good,Low Risk,Completed,4,82.32
124,Saanvi Sen,Electronics & Communication,ECE,2,VLSI,VLSI Design,78.1,86.42,85.55,96.18,60.89,77.77,B,Good,Medium Risk,Completed,4,78.06
124,Saanvi Sen,Electronics & Communication,ECE,2,SOM,Strength of Materials,92.46,69.62,50.02,81.35,67.91,70.41,B,Good,Low Risk,Completed,3,73.78
125,Arjun Verma,Electronics & Communication,ECE,1,DSP,Digital Signal Processing,76.81,58.46,36.04,74.38,80.81,71.05,B,Good,Medium Risk,Completed,4,73.1
125,Arjun Verma,Electronics & Communication,ECE,1,VLSI,VLSI Design,75.53,58.28,63.53,65.7,50.54,57.55,D,Average,Medium Risk,Completed,4,63.39
125,Arjun Verma,Electronics & Communication,ECE,1,DSP,Digital Signal Processing,95.55,84.53,84.96,78.41,95.41,87.63,A,Excellent,Low Risk,Completed,4,88.45
126,Kunal Jain,Mechanical Engineering,ME,7,EM,Engineering Mechanics,92.17,68.65,54.35,56.39,66.23,62.45,C,Average,Low Risk,Completed,4,70.15
126,Kunal Jain,Mechanical Engineering,ME,7,THM,Thermodynamics,83.54,91.37,85.23,76.46,86.66,84.17,A,Good,Low Risk,Completed,3,81.62
126,Kunal Jain,Mechanical Engineering,ME,7,SOM,Strength of Materials,98.95,74.59,64.6,69.6,64.7,67.64,C,Average,Low Risk,Completed,3,73.14
127,Ayaan Patel,Civil Engineering,CE,4,SUR,Surveying,65.14,67.71,76.38,57.57,86.79,74.12,B,Good,High Risk,Completed,4,72.91
127,Ayaan Patel,Civil Engineering,CE,4,SOM,Strength of Materials,75.65,92.91,69.26,94.16,87.43,88.45,A,Excellent,Medium Risk,Completed,4,85.05
127,Ayaan Patel,Civil Engineering,CE,4,FIN,Financial Management,68.51,63.87,44.51,62.99,42.49,52.05,D,Needs Improvement,High Risk,Completed,5,60.13
128,Sneha Verma,Computer Science & Engineering,CSE,1,ML,Introduction to Machine Learning,82.86,63.47,46.85,63.61,61.34,60.89,C,Average,Low Risk,Completed,4,67.19
128,Sneha Verma,Computer Science & Engineering,CSE,1,CN,Computer Networks,58.2,63.39,39.12,60.95,57.74,57.69,D,Average,High Risk,Completed,4,60.02
128,Sneha Verma,Computer Science & Engineering,CSE,1,DBMS,Database Management Systems,76.05,75.69,70.4,71.85,75.01,73.7,B,Good,Medium Risk,Completed,3,72.8
129,Myra Roy,Mechanical Engineering,ME,6,EM,Engineering Mechanics,87.76,70.91,76.15,80.65,80.47,78.66,B,Good,Low Risk,Completed,4,80.61
129,Myra Roy,Mechanical Engineering,ME,6,THM,Thermodynamics,93.91,76.05,94.64,100.0,94.82,93.54,A+,Excellent,Low Risk,Completed,5,94.26
129,Myra Roy,Mechanical Engineering,ME,6,SUR,Surveying,94.58,98.64,100.0,97.74,97.43,97.96,A+,Excellent,Low Risk,Completed,4,95.49
130,Tanya Iyer,Computer Science & Engineering,CSE,2,ML,Introduction to Machine Learning,75.19,100.0,94.76,75.37,96.17,90.36,A+,Excellent,Medium Risk,Completed,3,84.29
130,Tanya Iyer,Computer Science & Engineering,CSE,2,DBMS,Database Management Systems,90.2,73.58,78.99,100.0,74.44,82.43,A,Good,Low Risk,Completed,3,81.74
130,Tanya Iyer,Computer Science & Engineering,CSE,2,DSA,Data Structures & Algorithms,100.0,89.82,99.92,100.0,81.87,90.31,A+,Excellent,Low Risk,Completed,4,91.21
131,Rohan Jain,Civil Engineering,CE,8,SUR,Surveying,99.51,92.4,74.21,100.0,81.4,87.91,A,Excellent,Low Risk,Completed,4,89.44
131,Rohan Jain,Civil Engineering,CE,8,SOM,Strength of Materials,96.28,84.65,79.09,81.2,77.63,79.9,B,Good,Low Risk,Completed,4,83.19
131,Rohan Jain,Civil Engineering,CE,8,VLSI,VLSI Design,71.57,44.06,25.83,45.89,40.19,41.05,F,Needs Improvement,High Risk,Completed,5,53.05
132,Reyansh Sen,Electronics & Communication,ECE,5,DSP,Digital Signal Processing,78.74,89.37,87.99,85.91,94.22,90.37,A+,Excellent,Medium Risk,Completed,3,85.01
132,Reyansh Sen,Electronics & Communication,ECE,5,VLSI,VLSI Design,83.78,64.73,46.78,68.28,51.85,58.21,D,Average,Medium Risk,Completed,4,65.5
132,Reyansh Sen,Electronics & Communication,ECE,5,EM,Engineering Mechanics,81.44,86.39,73.65,79.68,80.37,80.4,A,Good,Low Risk,Completed,3,78.56
133,Myra Mehta,Business Administration,BBA,5,PM,Project Management,64.13,64.97,64.46,67.06,67.98,66.9,C,Average,High Risk,Completed,4,67.66
133,Myra Mehta,Business Administration,BBA,5,RM,Research Methodology,89.78,71.26,61.31,66.29,72.91,69.52,C,Average,Low Risk,Completed,4,74.62
133,Myra Mehta,Business Administration,BBA,5,FIN,Financial Management,65.38,58.2,62.94,69.31,57.07,61.5,C,Average,High Risk,Completed,4,64.12
134,Krishna Mehta,Mechanical Engineering,ME,2,EM,Engineering Mechanics,77.68,52.4,65.76,41.24,57.56,52.71,D,Needs Improvement,Medium Risk,Completed,4,60.43
134,Krishna Mehta,Mechanical Engineering,ME,2,THM,Thermodynamics,100.0,77.7,60.16,73.16,53.89,63.87,C,Average,Low Risk,Completed,4,72.71
134,Krishna Mehta,Mechanical Engineering,ME,2,RM,Research Methodology,87.35,56.51,58.6,55.01,83.87,68.58,C,Average,Low Risk,Completed,4,73.48
135,Sara Das,Mechanical Engineering,ME,8,EM,Engineering Mechanics,92.1,98.81,96.42,98.32,71.86,86.3,A,Excellent,Low Risk,Completed,4,86.83
135,Sara Das,Mechanical Engineering,ME,8,THM,Thermodynamics,81.34,68.09,79.51,100.0,98.1,92.31,A+,Excellent,Low Risk,Completed,4,88.89
135,Sara Das,Mechanical Engineering,ME,8,PM,Project Management,78.39,66.38,70.32,100.0,81.13,83.5,A,Good,Medium Risk,Completed,4,82.13
136,Aarav Iyer,Business Administration,BBA,6,PM,Project Management,98.39,84.66,93.03,66.65,72.95,74.82,B,Good,Low Risk,Completed,3,78.06
136,Aarav Iyer,Business Administration,BBA,6,RM,Research Methodology,71.51,91.89,74.56,83.25,80.68,82.52,A,Good,Medium Risk,Completed,4,80.06
136,Aarav Iyer,Business Administration,BBA,6,FIN,Financial Management,73.35,73.86,50.27,67.96,81.15,73.01,B,Good,Medium Risk,Completed,4,73.78
137,Ayaan Gupta,Electronics & Communication,ECE,5,DSP,Digital Signal Processing,76.14,75.18,63.71,57.54,70.19,66.5,C,Average,Medium Risk,Completed,3,67.78
137,Ayaan Gupta,Electronics & Communication,ECE,5,VLSI,VLSI Design,85.56,77.1,68.11,70.42,87.59,78.92,B,Good,Low Risk,Completed,5,82.36
137,Ayaan Gupta,Electronics & Communication,ECE,5,THM,Thermodynamics,83.21,43.48,55.34,64.01,54.44,55.76,D,Average,Medium Risk,Completed,3,61.67
138,Nisha Verma,Mechanical Engineering,ME,5,EM,Engineering Mechanics,81.48,62.11,35.13,40.66,57.7,50.99,D,Needs Improvement,Medium Risk,Completed,4,59.99
138,Nisha Verma,Mechanical Engineering,ME,5,THM,Thermodynamics,69.07,33.77,53.69,34.79,44.63,40.95,F,Needs Improvement,High Risk,Completed,4,50.48
138,Nisha Verma,Mechanical Engineering,ME,5,DSP,Digital Signal Processing,83.08,48.59,50.53,89.62,22.42,49.32,F,Needs Improvement,High Risk,Completed,5,61.14
139,Krishna Sen,Business Administration,BBA,7,MKT,Principles of Marketing,82.25,68.1,61.46,62.28,73.5,68.12,C,Average,Low Risk,Completed,3,70.14
139,Krishna Sen,Business Administration,BBA,7,FIN,Financial Management,77.46,69.71,73.61,94.84,75.58,80.28,A,Good,Medium Risk,Completed,4,79.69
139,Krishna Sen,Business Administration,BBA,7,PM,Project Management,86.0,70.08,83.41,61.3,72.25,69.76,C,Average,Low Risk,Completed,4,74.03
140,Priya Das,Civil Engineering,CE,8,SUR,Surveying,75.61,95.0,83.21,86.84,89.65,88.97,A,Excellent,Medium Risk,Completed,4,85.4
140,Priya Das,Civil Engineering,CE,8,SOM,Strength of Materials,81.9,86.39,80.43,80.17,66.14,74.81,B,Good,Low Risk,Completed,3,74.75
140,Priya Das,Civil Engineering,CE,8,SUR,Surveying,90.82,98.19,74.22,80.94,64.79,75.59,B,Good,Low Risk,Completed,4,79.08
141,Sneha Sharma,Civil Engineering,CE,2,SUR,Surveying,77.49,90.36,79.67,87.52,71.19,79.81,B,Good,Medium Risk,Completed,4,79.37
141,Sneha Sharma,Civil Engineering,CE,2,SOM,Strength of Materials,71.67,20.0,48.58,44.66,42.71,40.47,F,Needs Improvement,High Risk,Completed,5,52.67
141,Sneha Sharma,Civil Engineering,CE,2,THM,Thermodynamics,95.42,69.93,55.77,73.1,48.34,59.75,D,Average,Medium Risk,Completed,3,66.91
142,Aadhya Sen,Mechanical Engineering,ME,4,EM,Engineering Mechanics,73.4,54.13,77.37,61.85,69.93,65.88,C,Average,Medium Risk,Completed,4,68.79
142,Aadhya Sen,Mechanical Engineering,ME,4,THM,Thermodynamics,78.77,31.03,47.33,35.1,75.0,53.67,D,Needs Improvement,Medium Risk,Completed,5,63.32
142,Aadhya Sen,Mechanical Engineering,ME,4,CN,Computer Networks,92.87,64.81,77.79,75.47,77.44,74.99,B,Good,Low Risk,Completed,5,81.06
143,Anika Gupta,Mechanical Engineering,ME,8,EM,Engineering Mechanics,84.47,64.24,67.27,79.44,82.91,77.5,B,Good,Low Risk,Completed,3,77.15
143,Anika Gupta,Mechanical Engineering,ME,8,THM,Thermodynamics,99.84,100.0,96.86,95.67,87.58,92.8,A+,Excellent,Low Risk,Completed,4,92.93
143,Anika Gupta,Mechanical Engineering,ME,8,MKT,Principles of Marketing,68.14,78.43,71.23,54.11,65.77,64.72,C,Average,High Risk,Completed,4,66.93
144,Neha Nair,Business Administration,BBA,6,PM,Project Management,89.64,81.3,98.48,77.63,100.0,90.33,A+,Excellent,Low Risk,Completed,4,89.16
144,Neha Nair,Business Administration,BBA,6,STAT,Business Statistics,93.06,58.0,52.11,64.46,84.34,71.2,B,Good,Low Risk,Completed,3,74.45
144,Neha Nair,Business Administration,BBA,6,FIN,Financial Management,69.37,43.53,50.42,32.92,34.08,36.78,F,Critical,High Risk,Incomplete,5,49.62
145,Sara Chatterjee,Mechanical Engineering,ME,5,EM,Engineering Mechanics,72.08,51.47,52.95,43.96,50.98,49.14,F,Needs Improvement,High Risk,Completed,2,52.81
145,Sara Chatterjee,Mechanical Engineering,ME,5,THM,Thermodynamics,83.11,54.28,62.81,69.02,60.99,62.57,C,Average,Low Risk,Completed,4,68.42
145,Sara Chatterjee,Mechanical Engineering,ME,5,FIN,Financial Management,75.85,66.55,60.33,54.0,64.14,61.08,C,Average,Medium Risk,Completed,5,67.92
146,Arjun Sen,Mechanical Engineering,ME,4,EM,Engineering Mechanics,87.16,44.04,50.51,60.57,31.94,44.2,F,Needs Improvement,High Risk,Completed,4,56.37
146,Arjun Sen,Mechanical Engineering,ME,4,THM,Thermodynamics,71.54,85.89,56.26,62.43,71.99,69.63,C,Average,Medium Risk,Completed,3,69.05
146,Arjun Sen,Mechanical Engineering,ME,4,CN,Computer Networks,82.32,63.92,64.13,61.43,50.08,56.97,D,Average,Medium Risk,Completed,4,64.34
147,Neha Nair,Mechanical Engineering,ME,3,EM,Engineering Mechanics,83.97,95.31,99.37,79.1,100.0,92.96,A+,Excellent,Low Risk,Completed,4,89.87
147,Neha Nair,Mechanical Engineering,ME,3,THM,Thermodynamics,76.19,100.0,98.88,97.67,95.39,97.11,A+,Excellent,Medium Risk,Completed,4,91.22
147,Neha Nair,Mechanical Engineering,ME,3,DSA,Data Structures & Algorithms,84.0,66.74,71.0,84.36,91.13,83.43,A,Good,Low Risk,Completed,4,83.2
148,Neha Iyer,Electronics & Communication,ECE,5,DSP,Digital Signal Processing,63.12,88.06,62.81,94.98,86.49,86.91,A,Excellent,High Risk,Completed,4,81.46
148,Neha Iyer,Electronics & Communication,ECE,5,VLSI,VLSI Design,90.93,72.05,66.64,60.21,69.59,66.85,C,Average,Low Risk,Completed,4,72.98
148,Neha Iyer,Electronics & Communication,ECE,5,CN,Computer Networks,98.34,92.97,71.51,86.24,67.75,77.46,B,Good,Low Risk,Completed,4,81.89
149,Tanya Das,Business Administration,BBA,5,PM,Project Management,62.28,65.79,72.01,74.1,63.89,68.05,C,Average,High Risk,Completed,4,68.09
149,Tanya Das,Business Administration,BBA,5,STAT,Business Statistics,78.6,67.46,85.6,93.23,70.21,78.24,B,Good,Medium Risk,Completed,4,78.49
149,Tanya Das,Business Administration,BBA,5,MKT,Principles of Marketing,77.48,76.5,84.77,56.89,94.71,79.64,B,Good,Medium Risk,Completed,4,79.24
150,Reyansh Chatterjee,Electronics & Communication,ECE,1,DSP,Digital Signal Processing,78.22,66.69,44.29,83.51,68.56,70.33,B,Good,Medium Risk,Completed,4,72.88
150,Reyansh Chatterjee,Electronics & Communication,ECE,1,VLSI,VLSI Design,71.84,88.15,78.21,92.73,58.89,75.36,B,Good,Medium Risk,Completed,4,75.12
150,Reyansh Chatterjee,Electronics & Communication,ECE,1,VLSI,VLSI Design,83.02,69.47,54.27,56.93,64.44,61.92,C,Average,Low Risk,Completed,3,65.95
151,Vivaan Nair,Business Administration,BBA,5,FIN,Financial Management,78.13,53.03,75.61,70.68,63.53,65.31,C,Average,Medium Risk,Completed,3,67.34
151,Vivaan Nair,Business Administration,BBA,5,STAT,Business Statistics,93.52,76.44,64.03,78.33,68.8,72.33,B,Good,Low Risk,Completed,4,77.34
151,Vivaan Nair,Business Administration,BBA,5,MKT,Principles of Marketing,59.99,54.25,58.04,57.08,54.16,55.44,D,Average,High Risk,Completed,3,56.8
152,Meera Bose,Electronics & Communication,ECE,8,DSP,Digital Signal Processing,68.14,87.06,65.27,71.02,62.7,69.11,C,Average,High Risk,Completed,4,70.0
152,Meera Bose,Electronics & Communication,ECE,8,VLSI,VLSI Design,87.26,93.49,87.97,71.56,80.73,80.62,A,Good,Low Risk,Completed,3,79.89
152,Meera Bose,Electronics & Communication,ECE,8,MKT,Principles of Marketing,70.91,96.9,96.68,100.0,84.05,92.03,A+,Excellent,Medium Risk,Completed,4,86.6
153,Kiara Iyer,Computer Science & Engineering,CSE,8,DBMS,Database Management Systems,78.5,82.65,73.44,100.0,76.4,84.12,A,Good,Medium Risk,Completed,4,82.59
153,Kiara Iyer,Computer Science & Engineering,CSE,8,ML,Introduction to Machine Learning,82.8,81.5,77.92,91.32,66.82,77.48,B,Good,Low Risk,Completed,4,78.8
153,Kiara Iyer,Computer Science & Engineering,CSE,8,DSA,Data Structures & Algorithms,86.63,71.73,66.14,75.75,49.59,62.41,C,Average,Low Risk,Completed,5,71.02
154,Vivaan Chatterjee,Mechanical Engineering,ME,8,EM,Engineering Mechanics,90.65,100.0,68.4,84.51,82.46,84.3,A,Good,Low Risk,Completed,5,87.14
154,Vivaan Chatterjee,Mechanical Engineering,ME,8,THM,Thermodynamics,85.31,73.1,65.74,62.52,48.54,58.14,D,Average,Medium Risk,Completed,3,63.76
154,Vivaan Chatterjee,Mechanical Engineering,ME,8,ML,Introduction to Machine Learning,90.49,86.61,79.98,64.71,75.15,74.22,B,Good,Low Risk,Completed,5,80.05
155,Aditya Verma,Computer Science & Engineering,CSE,1,DBMS,Database Management Systems,79.13,66.71,39.58,58.67,68.89,62.56,C,Average,Medium Risk,Completed,4,67.62
155,Aditya Verma,Computer Science & Engineering,CSE,1,DSA,Data Structures & Algorithms,67.99,100.0,93.93,100.0,100.0,99.39,A+,Excellent,High Risk,Completed,3,89.17
155,Aditya Verma,Computer Science & Engineering,CSE,1,ML,Introduction to Machine Learning,61.92,80.78,76.33,81.77,88.45,84.08,A,Good,High Risk,Completed,4,79.24
156,Sneha Verma,Electronics & Communication,ECE,5,DSP,Digital Signal Processing,71.51,66.65,86.02,89.58,71.92,77.84,B,Good,Medium Risk,Completed,4,76.79
156,Sneha Verma,Electronics & Communication,ECE,5,VLSI,VLSI Design,89.77,67.8,82.44,51.48,57.61,59.78,D,Average,Medium Risk,Completed,4,67.8
156,Sneha Verma,Electronics & Communication,ECE,5,ML,Introduction to Machine Learning,79.24,71.03,88.33,87.69,69.76,77.19,B,Good,Medium Risk,Completed,5,79.88
157,Saanvi Verma,Computer Science & Engineering,CSE,4,DSA,Data Structures & Algorithms,83.87,86.84,90.69,76.56,87.4,84.4,A,Good,Low Risk,Completed,2,79.85
157,Saanvi Verma,Computer Science & Engineering,CSE,4,DBMS,Database Management Systems,66.28,97.55,76.56,80.19,75.98,80.54,A,Good,High Risk,Completed,4,77.63
157,Saanvi Verma,Computer Science & Engineering,CSE,4,CN,Computer Networks,58.19,100.0,91.08,75.75,77.12,81.53,A,Good,High Risk,Completed,5,78.71
158,Shaurya Mehta,Business Administration,BBA,7,RM,Research Methodology,66.42,72.03,62.72,50.34,64.25,61.09,C,Average,High Risk,Completed,3,62.05
158,Shaurya Mehta,Business Administration,BBA,7,PM,Project Management,92.99,90.53,87.55,100.0,86.21,91.13,A+,Excellent,Low Risk,Completed,3,88.39
158,Shaurya Mehta,Business Administration,BBA,7,FIN,Financial Management,100.0,67.25,71.06,81.97,77.75,76.77,B,Good,Low Risk,Completed,3,79.74
159,Saanvi Sharma,Mechanical Engineering,ME,2,EM,Engineering Mechanics,100.0,87.42,72.61,68.42,89.56,81.2,A,Good,Low Risk,Completed,5,86.84
159,Saanvi Sharma,Mechanical Engineering,ME,2,THM,Thermodynamics,81.0,71.81,62.6,86.88,89.67,83.45,A,Good,Low Risk,Completed,3,80.61
159,Saanvi Sharma,Mechanical Engineering,ME,2,SOM,Strength of Materials,89.17,100.0,72.97,76.05,90.29,85.74,A,Excellent,Low Risk,Completed,4,85.86
160,Ayaan Chatterjee,Electronics & Communication,ECE,2,DSP,Digital Signal Processing,90.94,91.13,79.24,100.0,82.98,88.93,A,Excellent,Low Risk,Completed,5,90.44
160,Ayaan Chatterjee,Electronics & Communication,ECE,2,VLSI,VLSI Design,95.29,75.38,64.94,62.87,65.5,66.14,C,Average,Low Risk,Completed,4,73.35
160,Ayaan Chatterjee,Electronics & Communication,ECE,2,MKT,Principles of Marketing,74.23,71.27,71.87,49.51,79.42,68.47,C,Average,Medium Risk,Completed,3,68.78
161,Reyansh Nair,Electronics & Communication,ECE,2,DSP,Digital Signal Processing,60.64,40.22,39.89,50.36,82.6,62.3,C,Average,High Risk,Completed,4,63.74
161,Reyansh Nair,Electronics & Communication,ECE,2,VLSI,VLSI Design,84.39,75.44,71.2,60.98,92.54,78.38,B,Good,Low Risk,Completed,5,81.74
161,Reyansh Nair,Electronics & Communication,ECE,2,CN,Computer Networks,66.13,49.01,38.23,57.37,44.07,48.22,F,Needs Improvement,High Risk,Completed,5,56.98
162,Myra Iyer,Electronics & Communication,ECE,8,DSP,Digital Signal Processing,84.7,96.56,97.56,80.08,77.49,83.14,A,Good,Low Risk,Completed,4,83.13
162,Myra Iyer,Electronics & Communication,ECE,8,VLSI,VLSI Design,83.25,66.57,70.71,81.53,82.43,78.61,B,Good,Low Risk,Completed,5,81.68
162,Myra Iyer,Electronics & Communication,ECE,8,DBMS,Database Management Systems,82.06,70.26,80.63,50.92,62.27,61.9,C,Average,Low Risk,Completed,4,67.74
163,Krishna Chatterjee,Mechanical Engineering,ME,5,EM,Engineering Mechanics,79.43,78.71,41.96,81.85,76.86,75.14,B,Good,Medium Risk,Completed,4,76.49
163,Krishna Chatterjee,Mechanical Engineering,ME,5,THM,Thermodynamics,77.67,92.53,100.0,87.41,90.96,91.04,A+,Excellent,Medium Risk,Completed,4,87.26
163,Krishna Chatterjee,Mechanical Engineering,ME,5,DBMS,Database Management Systems,83.89,69.16,73.7,75.41,82.16,77.34,B,Good,Low Risk,Completed,4,78.92
164,Kunal Das,Civil Engineering,CE,5,SUR,Surveying,63.14,87.66,78.05,92.25,83.35,86.14,A,Excellent,High Risk,Completed,5,82.92
164,Kunal Das,Civil Engineering,CE,5,SOM,Strength of Materials,94.47,82.82,74.42,100.0,89.27,90.04,A+,Excellent,Low Risk,Completed,4,89.92
164,Kunal Das,Civil Engineering,CE,5,DSA,Data Structures & Algorithms,64.36,59.61,56.43,49.93,59.38,56.28,D,Average,High Risk,Completed,5,62.27
165,Ira Das,Business Administration,BBA,3,FIN,Financial Management,70.09,79.23,68.69,76.08,76.38,75.95,B,Good,Medium Risk,Completed,4,75.18
165,Ira Das,Business Administration,BBA,3,RM,Research Methodology,76.01,51.33,19.78,79.52,71.0,65.49,C,Average,Medium Risk,Completed,4,69.04
165,Ira Das,Business Administration,BBA,3,MKT,Principles of Marketing,68.32,89.18,92.99,73.95,85.51,83.34,A,Good,High Risk,Completed,4,80.0
166,Sai Patel,Mechanical Engineering,ME,1,EM,Engineering Mechanics,72.99,57.28,48.5,53.55,55.86,54.65,D,Needs Improvement,Medium Risk,Completed,4,60.85
166,Sai Patel,Mechanical Engineering,ME,1,THM,Thermodynamics,69.51,65.46,55.21,83.38,48.36,62.12,C,Average,High Risk,Completed,5,67.38
166,Sai Patel,Mechanical Engineering,ME,1,RM,Research Methodology,79.97,62.6,82.3,87.93,77.51,78.88,B,Good,Medium Risk,Completed,4,79.21
167,Shaurya Verma,Electronics & Communication,ECE,5,DSP,Digital Signal Processing,89.95,81.12,69.19,86.77,88.8,85.08,A,Excellent,Low Risk,Completed,4,85.54
167,Shaurya Verma,Electronics & Communication,ECE,5,VLSI,VLSI Design,83.96,84.93,73.36,65.05,64.38,68.56,C,Average,Low Risk,Completed,4,72.78
167,Shaurya Verma,Electronics & Communication,ECE,5,STAT,Business Statistics,76.28,86.62,84.78,80.65,70.7,77.48,B,Good,Medium Risk,Completed,4,77.49
168,Sara Sen,Civil Engineering,CE,5,SUR,Surveying,84.87,65.93,83.92,61.62,92.81,78.53,B,Good,Low Risk,Completed,3,77.95
168,Sara Sen,Civil Engineering,CE,5,SOM,Strength of Materials,85.69,69.26,80.31,91.29,51.62,69.03,C,Average,Low Risk,Completed,4,73.46
168,Sara Sen,Civil Engineering,CE,5,DSA,Data Structures & Algorithms,64.96,58.37,33.1,29.17,40.71,39.13,F,Critical,High Risk,Incomplete,5,50.39
169,Riya Nair,Civil Engineering,CE,8,SUR,Surveying,65.53,64.99,70.31,48.88,36.15,47.71,F,Needs Improvement,High Risk,Completed,5,56.51
169,Riya Nair,Civil Engineering,CE,8,SOM,Strength of Materials,90.23,83.01,88.54,89.37,96.1,91.36,A+,Excellent,Low Risk,Completed,5,92.0
169,Riya Nair,Civil Engineering,CE,8,DSP,Digital Signal Processing,71.13,96.32,84.31,90.11,100.0,94.91,A+,Excellent,Medium Risk,Completed,3,86.66
170,Saanvi Sharma,Civil Engineering,CE,7,SUR,Surveying,74.61,55.89,73.73,99.2,50.49,68.24,C,Average,Medium Risk,Completed,4,70.69
170,Saanvi Sharma,Civil Engineering,CE,7,SOM,Strength of Materials,82.61,78.56,62.1,82.25,71.61,74.89,B,Good,Low Risk,Completed,2,72.95
170,Saanvi Sharma,Civil Engineering,CE,7,DSA,Data Structures & Algorithms,92.16,86.85,87.08,98.15,90.03,91.69,A+,Excellent,Low Risk,Completed,5,92.62
171,Ishaan Sharma,Mechanical Engineering,ME,2,EM,Engineering Mechanics,92.48,71.64,68.76,54.46,72.87,66.75,C,Average,Low Risk,Completed,3,71.22
171,Ishaan Sharma,Mechanical Engineering,ME,2,THM,Thermodynamics,70.47,53.68,87.84,78.99,88.39,80.3,A,Good,Medium Risk,Completed,3,76.31
171,Ishaan Sharma,Mechanical Engineering,ME,2,SOM,Strength of Materials,67.22,65.9,59.84,86.49,69.1,72.91,B,Good,High Risk,Completed,5,74.48
172,Tanya Mehta,Electronics & Communication,ECE,1,DSP,Digital Signal Processing,100.0,64.46,92.36,91.86,68.57,77.32,B,Good,Low Risk,Completed,5,84.12
172,Tanya Mehta,Electronics & Communication,ECE,1,VLSI,VLSI Design,78.45,67.79,65.4,98.58,77.04,80.95,A,Good,Medium Risk,Completed,5,82.36
172,Tanya Mehta,Electronics & Communication,ECE,1,MKT,Principles of Marketing,70.49,73.33,44.31,57.94,63.92,61.58,C,Average,Medium Risk,Completed,4,65.2
173,Vivaan Bose,Mechanical Engineering,ME,3,EM,Engineering Mechanics,83.57,76.78,76.67,59.01,67.44,67.23,C,Average,Low Risk,Completed,5,73.78
173,Vivaan Bose,Mechanical Engineering,ME,3,THM,Thermodynamics,68.2,86.25,57.0,83.25,100.0,88.61,A,Excellent,High Risk,Completed,3,81.67
173,Vivaan Bose,Mechanical Engineering,ME,3,SOM,Strength of Materials,85.84,46.56,52.4,68.55,55.38,57.71,D,Average,Medium Risk,Completed,4,65.56
174,Rohan Iyer,Civil Engineering,CE,5,SUR,Surveying,85.82,83.6,74.86,85.0,80.45,81.73,A,Good,Low Risk,Completed,4,82.37
174,Rohan Iyer,Civil Engineering,CE,5,SOM,Strength of Materials,77.1,56.14,63.62,57.12,53.67,56.07,D,Average,Medium Risk,Completed,4,62.67
174,Rohan Iyer,Civil Engineering,CE,5,SUR,Surveying,88.29,70.24,77.45,80.61,80.89,78.87,B,Good,Low Risk,Completed,3,78.86
175,Myra Roy,Electronics & Communication,ECE,8,DSP,Digital Signal Processing,83.96,73.86,46.75,75.56,100.0,83.42,A,Good,Low Risk,Completed,4,83.19
175,Myra Roy,Electronics & Communication,ECE,8,VLSI,VLSI Design,82.16,66.39,75.58,49.43,73.04,65.21,C,Average,Low Risk,Completed,4,70.08
175,Myra Roy,Electronics & Communication,ECE,8,SOM,Strength of Materials,83.08,80.59,78.76,57.72,81.14,73.79,B,Good,Low Risk,Completed,4,76.27
176,Ananya Gupta,Computer Science & Engineering,CSE,2,CN,Computer Networks,80.89,71.37,85.17,71.95,60.44,68.01,C,Average,Low Risk,Completed,4,71.78
176,Ananya Gupta,Computer Science & Engineering,CSE,2,DSA,Data Structures & Algorithms,92.68,80.18,61.94,100.0,78.32,83.46,A,Good,Low Risk,Completed,5,86.96
176,Ananya Gupta,Computer Science & Engineering,CSE,2,ML,Introduction to Machine Learning,85.01,78.57,82.8,81.81,81.65,81.35,A,Good,Low Risk,Completed,4,81.95
177,Myra Sen,Electronics & Communication,ECE,8,DSP,Digital Signal Processing,82.09,74.47,60.47,76.86,83.57,77.88,B,Good,Low Risk,Completed,3,76.93
177,Myra Sen,Electronics & Communication,ECE,8,VLSI,VLSI Design,76.79,65.03,53.66,76.83,68.05,68.79,C,Average,Medium Risk,Completed,4,71.51
177,Myra Sen,Electronics & Communication,ECE,8,VLSI,VLSI Design,63.74,57.58,27.18,65.91,53.87,55.37,D,Average,High Risk,Completed,5,61.51
178,Aadhya Mehta,Mechanical Engineering,ME,1,EM,Engineering Mechanics,82.87,96.94,100.0,100.0,79.34,90.25,A+,Excellent,Low Risk,Completed,3,85.74
178,Aadhya Mehta,Mechanical Engineering,ME,1,THM,Thermodynamics,84.48,69.5,75.37,51.34,37.74,50.35,D,Needs Improvement,Medium Risk,Completed,5,62.14
178,Aadhya Mehta,Mechanical Engineering,ME,1,MKT,Principles of Marketing,58.03,63.51,69.58,60.72,57.57,60.61,C,Average,High Risk,Completed,4,62.03
179,Ananya Chatterjee,Civil Engineering,CE,6,SUR,Surveying,65.72,60.41,71.81,71.09,70.57,69.33,C,Average,High Risk,Completed,3,67.67
179,Ananya Chatterjee,Civil Engineering,CE,6,SOM,Strength of Materials,57.84,71.61,84.97,53.61,63.79,64.03,C,Average,High Risk,Completed,4,64.39
179,Ananya Chatterjee,Civil Engineering,CE,6,DSA,Data Structures & Algorithms,78.22,80.11,61.41,88.17,100.0,89.61,A,Excellent,Medium Risk,Completed,4,86.37
180,Kunal Mehta,Computer Science & Engineering,CSE,8,CN,Computer Networks,83.17,71.62,59.98,80.79,75.44,74.93,B,Good,Low Risk,Completed,4,77.08
180,Kunal Mehta,Computer Science & Engineering,CSE,8,ML,Introduction to Machine Learning,90.93,66.94,51.66,71.32,55.32,61.5,C,Average,Low Risk,Completed,3,67.23
180,Kunal Mehta,Computer Science & Engineering,CSE,8,DBMS,Database Management Systems,60.65,67.6,38.91,49.37,38.98,46.38,F,Needs Improvement,High Risk,Completed,4,52.6
181,Ayaan Nair,Civil Engineering,CE,6,SUR,Surveying,76.41,59.77,54.13,75.3,64.59,66.04,C,Average,Medium Risk,Completed,4,69.51
181,Ayaan Nair,Civil Engineering,CE,6,SOM,Strength of Materials,79.9,74.41,66.41,56.84,65.46,64.31,C,Average,Medium Risk,Completed,4,69.0
181,Ayaan Nair,Civil Engineering,CE,6,DBMS,Database Management Systems,76.76,70.45,72.64,61.17,60.9,63.59,C,Average,Medium Risk,Completed,3,65.86
182,Ayaan Chatterjee,Business Administration,BBA,3,RM,Research Methodology,64.37,54.39,40.08,58.45,54.21,54.1,D,Needs Improvement,High Risk,Completed,3,56.74
182,Ayaan Chatterjee,Business Administration,BBA,3,PM,Project Management,89.52,69.92,82.9,70.44,82.03,76.82,B,Good,Low Risk,Completed,3,77.68
182,Ayaan Chatterjee,Business Administration,BBA,3,MKT,Principles of Marketing,72.3,49.25,43.71,37.46,46.68,44.0,F,Needs Improvement,High Risk,Completed,4,53.26
183,Nisha Sen,Mechanical Engineering,ME,8,EM,Engineering Mechanics,81.73,64.76,83.52,58.52,78.31,70.86,B,Good,Low Risk,Completed,5,75.95
183,Nisha Sen,Mechanical Engineering,ME,8,THM,Thermodynamics,79.01,72.49,88.2,62.12,67.13,68.54,C,Average,Medium Risk,Completed,4,71.78
183,Nisha Sen,Mechanical Engineering,ME,8,THM,Thermodynamics,86.47,77.17,81.13,80.09,79.33,79.42,B,Good,Low Risk,Completed,5,82.89
184,Rahul Singh,Computer Science & Engineering,CSE,5,DBMS,Database Management Systems,93.12,63.82,66.63,50.45,54.74,56.0,D,Average,Medium Risk,Completed,3,63.83
184,Rahul Singh,Computer Science & Engineering,CSE,5,ML,Introduction to Machine Learning,83.8,78.66,50.42,61.68,64.89,64.55,C,Average,Low Risk,Completed,3,67.94
184,Rahul Singh,Computer Science & Engineering,CSE,5,CN,Computer Networks,74.04,77.14,71.67,70.41,80.01,75.87,B,Good,Medium Risk,Completed,4,75.92
185,Krishna Mehta,Business Administration,BBA,2,MKT,Principles of Marketing,71.91,70.73,85.38,69.08,80.49,76.09,B,Good,Medium Risk,Completed,3,73.65
185,Krishna Mehta,Business Administration,BBA,2,RM,Research Methodology,69.37,59.12,63.02,87.0,86.29,80.1,A,Good,High Risk,Completed,4,77.95
185,Krishna Mehta,Business Administration,BBA,2,PM,Project Management,74.73,56.62,53.71,33.33,43.92,43.63,F,Needs Improvement,High Risk,Completed,4,53.49
186,Rohan Mehta,Civil Engineering,CE,3,SUR,Surveying,59.2,76.81,78.15,87.78,87.75,85.16,A,Excellent,High Risk,Completed,4,79.45
186,Rohan Mehta,Civil Engineering,CE,3,SOM,Strength of Materials,59.19,58.47,72.42,77.73,71.93,71.7,B,Good,High Risk,Completed,4,70.03
186,Rohan Mehta,Civil Engineering,CE,3,DSA,Data Structures & Algorithms,75.26,75.26,94.58,66.19,96.93,84.22,A,Good,Medium Risk,Completed,4,82.01
187,Rahul Chatterjee,Civil Engineering,CE,5,SUR,Surveying,68.79,93.76,77.06,72.34,91.53,84.66,A,Good,High Risk,Completed,5,83.02
187,Rahul Chatterjee,Civil Engineering,CE,5,SOM,Strength of Materials,63.18,60.94,58.81,67.89,74.26,68.81,C,Average,High Risk,Completed,4,68.8
187,Rahul Chatterjee,Civil Engineering,CE,5,PM,Project Management,86.25,90.8,72.93,91.38,91.23,89.38,A,Excellent,Low Risk,Completed,5,89.82
188,Kiara Iyer,Civil Engineering,CE,4,SUR,Surveying,69.21,79.27,83.61,94.36,89.2,88.7,A,Excellent,High Risk,Completed,5,85.93
188,Kiara Iyer,Civil Engineering,CE,4,SOM,Strength of Materials,84.01,85.22,54.73,68.88,64.45,67.92,C,Average,Low Risk,Completed,4,72.35
188,Kiara Iyer,Civil Engineering,CE,4,RM,Research Methodology,76.69,62.86,79.82,96.81,94.21,88.85,A,Excellent,Medium Risk,Completed,4,85.53
189,Sai Khan,Civil Engineering,CE,4,SUR,Surveying,66.6,73.79,56.63,92.67,76.49,78.95,B,Good,High Risk,Completed,4,76.59
189,Sai Khan,Civil Engineering,CE,4,SOM,Strength of Materials,77.75,62.27,76.07,66.71,56.88,62.56,C,Average,Medium Risk,Completed,5,69.34
189,Sai Khan,Civil Engineering,CE,4,SUR,Surveying,87.79,66.51,74.95,76.01,50.92,63.19,C,Average,Low Risk,Completed,5,71.79
190,Ishaan Bose,Business Administration,BBA,7,PM,Project Management,78.82,76.47,89.66,88.44,92.76,88.71,A,Excellent,Medium Risk,Completed,4,85.86
190,Ishaan Bose,Business Administration,BBA,7,FIN,Financial Management,95.57,83.76,63.48,93.06,98.76,91.27,A+,Excellent,Low Risk,Completed,5,93.0
190,Ishaan Bose,Business Administration,BBA,7,MKT,Principles of Marketing,80.0,37.7,63.16,52.49,82.6,64.89,C,Average,Low Risk,Completed,3,67.42
191,Sneha Nair,Mechanical Engineering,ME,5,EM,Engineering Mechanics,71.64,31.97,58.74,29.01,53.07,43.26,F,Needs Improvement,High Risk,Completed,3,50.61
191,Sneha Nair,Mechanical Engineering,ME,5,THM,Thermodynamics,95.74,71.76,55.79,67.81,69.37,67.91,C,Average,Low Risk,Completed,4,74.68
191,Sneha Nair,Mechanical Engineering,ME,5,PM,Project Management,82.97,28.55,46.04,50.23,64.2,52.84,D,Needs Improvement,Medium Risk,Completed,4,61.59
192,Tanya Verma,Computer Science & Engineering,CSE,8,ML,Introduction to Machine Learning,67.11,57.12,52.18,48.76,50.36,51.08,D,Needs Improvement,High Risk,Completed,4,57.18
192,Tanya Verma,Computer Science & Engineering,CSE,8,CN,Computer Networks,78.0,87.49,46.7,45.42,76.19,65.7,C,Average,Medium Risk,Completed,4,69.59
192,Tanya Verma,Computer Science & Engineering,CSE,8,DSA,Data Structures & Algorithms,71.5,65.58,85.36,77.0,79.53,77.26,B,Good,Medium Risk,Completed,3,74.38
193,Ira Iyer,Electronics & Communication,ECE,6,DSP,Digital Signal Processing,49.12,50.09,67.67,63.87,56.53,58.88,D,Average,High Risk,Completed,4,59.04
193,Ira Iyer,Electronics & Communication,ECE,6,VLSI,VLSI Design,80.56,71.39,42.34,67.03,75.92,69.22,C,Average,Low Risk,Completed,4,72.56
193,Ira Iyer,Electronics & Communication,ECE,6,THM,Thermodynamics,100.0,79.36,83.13,72.29,83.58,79.52,B,Good,Low Risk,Completed,4,83.66
194,Priya Nair,Mechanical Engineering,ME,7,EM,Engineering Mechanics,70.22,76.4,89.88,79.27,86.88,83.33,A,Good,Medium Risk,Completed,4,80.37
194,Priya Nair,Mechanical Engineering,ME,7,THM,Thermodynamics,84.41,71.49,82.82,70.09,74.4,73.51,B,Good,Low Risk,Completed,4,76.34
194,Priya Nair,Mechanical Engineering,ME,7,SUR,Surveying,68.75,86.11,80.43,67.81,58.12,67.46,C,Average,High Risk,Completed,4,68.97
195,Ananya Mehta,Civil Engineering,CE,4,SUR,Surveying,80.17,63.02,40.56,62.38,63.98,61.01,C,Average,Low Risk,Completed,4,66.74
195,Ananya Mehta,Civil Engineering,CE,4,SOM,Strength of Materials,95.28,44.51,77.36,61.15,74.94,66.48,C,Average,Low Risk,Completed,4,73.59
195,Ananya Mehta,Civil Engineering,CE,4,PM,Project Management,78.59,74.69,100.0,84.43,89.33,86.73,A,Excellent,Medium Risk,Completed,5,86.43
196,Aadhya Das,Electronics & Communication,ECE,7,DSP,Digital Signal Processing,83.73,53.72,56.03,60.41,42.61,50.96,D,Needs Improvement,Medium Risk,Completed,3,58.42
196,Aadhya Das,Electronics & Communication,ECE,7,VLSI,VLSI Design,91.78,87.59,89.13,84.98,100.0,92.54,A+,Excellent,Low Risk,Completed,4,91.14
196,Aadhya Das,Electronics & Communication,ECE,7,SOM,Strength of Materials,91.96,67.01,91.49,57.95,95.34,79.49,B,Good,Low Risk,Completed,4,82.03
197,Rahul Jain,Computer Science & Engineering,CSE,7,ML,Introduction to Machine Learning,60.58,64.54,54.61,62.4,68.44,64.66,C,Average,High Risk,Completed,5,67.38
197,Rahul Jain,Computer Science & Engineering,CSE,7,CN,Computer Networks,83.53,63.54,61.92,94.28,66.67,74.01,B,Good,Low Risk,Completed,5,78.51
197,Rahul Jain,Computer Science & Engineering,CSE,7,DSA,Data Structures & Algorithms,79.5,79.79,82.35,67.86,65.42,70.0,B,Good,Medium Risk,Completed,4,72.9
198,Sneha Mehta,Civil Engineering,CE,3,SUR,Surveying,89.64,76.1,81.48,94.08,81.63,84.52,A,Good,Low Risk,Completed,4,85.09
198,Sneha Mehta,Civil Engineering,CE,3,SOM,Strength of Materials,50.41,57.66,50.64,48.11,57.7,54.11,D,Needs Improvement,High Risk,Completed,4,55.96
198,Sneha Mehta,Civil Engineering,CE,3,MKT,Principles of Marketing,83.3,78.06,95.42,83.14,92.85,87.98,A,Excellent,Low Risk,Completed,4,86.24
199,Sai Nair,Civil Engineering,CE,6,SUR,Surveying,79.44,64.33,67.96,61.25,43.17,54.24,D,Needs Improvement,Medium Risk,Completed,4,61.86
199,Sai Nair,Civil Engineering,CE,6,SOM,Strength of Materials,78.74,79.06,91.36,73.69,64.01,71.91,B,Good,Medium Risk,Completed,4,74.08
199,Sai Nair,Civil Engineering,CE,6,DBMS,Database Management Systems,69.29,64.44,70.09,66.09,70.87,68.39,C,Average,High Risk,Completed,5,71.73
200,Aarav Sen,Computer Science & Engineering,CSE,3,CN,Computer Networks,82.04,62.79,55.73,61.45,63.14,61.84,C,Average,Low Risk,Completed,4,67.7
200,Aarav Sen,Computer Science & Engineering,CSE,3,DBMS,Database Management Systems,77.52,93.83,95.24,100.0,100.0,98.6,A+,Excellent,Medium Risk,Completed,5,94.52
200,Aarav Sen,Computer Science & Engineering,CSE,3,DSA,Data Structures & Algorithms,50.89,37.92,54.05,25.66,15.0,25.54,F,Critical,Critical,Incomplete,4,36.06
201,Rohan Singh,Civil Engineering,CE,2,SUR,Surveying,69.62,65.07,61.29,76.14,68.41,69.51,C,Average,High Risk,Completed,4,70.59
201,Rohan Singh,Civil Engineering,CE,2,SOM,Strength of Materials,65.27,26.48,32.67,31.83,48.32,38.53,F,Critical,High Risk,Incomplete,3,46.02
201,Rohan Singh,Civil Engineering,CE,2,RM,Research Methodology,85.68,91.11,64.76,76.11,51.9,66.33,C,Average,Low Risk,Completed,2,67.57
202,Ishaan Gupta,Civil Engineering,CE,7,SUR,Surveying,81.77,93.92,63.66,87.86,100.0,91.81,A+,Excellent,Low Risk,Completed,4,88.62
202,Ishaan Gupta,Civil Engineering,CE,7,SOM,Strength of Materials,80.68,59.61,89.59,68.6,82.37,75.55,B,Good,Low Risk,Completed,3,75.02
202,Ishaan Gupta,Civil Engineering,CE,7,STAT,Business Statistics,91.8,54.37,73.29,56.99,36.74,49.12,F,Needs Improvement,High Risk,Completed,5,62.74
203,Ananya Roy,Computer Science & Engineering,CSE,8,ML,Introduction to Machine Learning,85.71,65.17,44.4,66.73,92.28,75.76,B,Good,Low Risk,Completed,4,78.17
203,Ananya Roy,Computer Science & Engineering,CSE,8,CN,Computer Networks,90.63,73.42,71.82,59.3,75.12,69.79,C,Average,Low Risk,Completed,5,76.98
203,Ananya Roy,Computer Science & Engineering,CSE,8,DSA,Data Structures & Algorithms,92.44,61.05,49.31,72.94,59.53,62.76,C,Average,Low Risk,Completed,5,72.42
204,Rohan Roy,Business Administration,BBA,5,MKT,Principles of Marketing,78.77,73.43,69.99,46.55,56.04,57.2,D,Average,Medium Risk,Completed,5,65.79
204,Rohan Roy,Business Administration,BBA,5,PM,Project Management,74.48,56.83,55.46,48.17,70.2,60.11,C,Average,Medium Risk,Completed,4,64.97
204,Rohan Roy,Business Administration,BBA,5,RM,Research Methodology,77.23,64.04,83.52,43.77,75.31,64.98,C,Average,Medium Risk,Completed,5,70.93
205,Aditya Khan,Electronics & Communication,ECE,2,DSP,Digital Signal Processing,80.35,58.07,62.88,79.25,70.92,70.69,B,Good,Low Risk,Completed,4,73.55
205,Aditya Khan,Electronics & Communication,ECE,2,VLSI,VLSI Design,64.23,64.75,79.32,50.04,55.18,57.48,D,Average,High Risk,Completed,4,61.09
205,Aditya Khan,Electronics & Communication,ECE,2,FIN,Financial Management,69.95,55.95,41.8,49.47,69.63,58.74,D,Average,High Risk,Completed,3,61.11
206,Nisha Sharma,Computer Science & Engineering,CSE,1,CN,Computer Networks,70.25,60.15,48.46,47.72,54.36,52.64,D,Needs Improvement,Medium Risk,Completed,3,56.9
206,Nisha Sharma,Computer Science & Engineering,CSE,1,DBMS,Database Management Systems,84.9,73.84,88.01,65.53,92.47,81.15,A,Good,Low Risk,Completed,4,81.79
206,Nisha Sharma,Computer Science & Engineering,CSE,1,DSA,Data Structures & Algorithms,79.07,66.89,80.6,56.12,59.81,61.84,C,Average,Medium Risk,Completed,5,69.11
207,Vivaan Chatterjee,Mechanical Engineering,ME,6,EM,Engineering Mechanics,87.72,81.85,58.03,72.35,52.01,63.19,C,Average,Low Risk,Completed,5,71.78
207,Vivaan Chatterjee,Mechanical Engineering,ME,6,THM,Thermodynamics,85.16,67.94,52.46,79.93,50.63,62.2,C,Average,Low Risk,Completed,4,68.57
207,Vivaan Chatterjee,Mechanical Engineering,ME,6,STAT,Business Statistics,83.95,100.0,93.6,76.1,84.62,85.27,A,Excellent,Low Risk,Completed,4,84.48
208,Sai Das,Mechanical Engineering,ME,7,EM,Engineering Mechanics,67.18,47.41,26.58,53.54,51.03,48.79,F,Needs Improvement,High Risk,Completed,3,53.59
208,Sai Das,Mechanical Engineering,ME,7,THM,Thermodynamics,88.03,79.12,70.96,83.36,86.01,82.68,A,Good,Low Risk,Completed,4,83.48
208,Sai Das,Mechanical Engineering,ME,7,EM,Engineering Mechanics,80.98,74.06,52.95,85.18,56.8,67.52,C,Average,Low Risk,Completed,4,71.46
209,Aditya Verma,Business Administration,BBA,7,FIN,Financial Management,80.78,46.51,55.38,51.92,66.55,58.04,D,Average,Medium Risk,Completed,5,66.78
209,Aditya Verma,Business Administration,BBA,7,PM,Project Management,57.68,100.0,81.3,71.21,82.64,81.68,A,Good,High Risk,Completed,4,76.71
209,Aditya Verma,Business Administration,BBA,7,MKT,Principles of Marketing,80.54,57.92,57.15,56.45,47.81,52.85,D,Needs Improvement,Medium Risk,Completed,4,61.1
210,Sai Das,Business Administration,BBA,8,FIN,Financial Management,86.41,87.22,80.92,73.16,90.1,83.67,A,Good,Low Risk,Completed,3,81.85
210,Sai Das,Business Administration,BBA,8,RM,Research Methodology,68.41,71.99,70.51,66.55,75.06,71.59,B,Good,High Risk,Completed,3,69.8
210,Sai Das,Business Administration,BBA,8,STAT,Business Statistics,79.5,84.65,72.8,71.95,83.67,79.22,B,Good,Medium Risk,Completed,5,81.35
211,Ishaan Roy,Mechanical Engineering,ME,1,EM,Engineering Mechanics,77.95,53.4,32.0,66.18,72.29,63.59,C,Average,Medium Risk,Completed,4,68.11
211,Ishaan Roy,Mechanical Engineering,ME,1,THM,Thermodynamics,72.28,26.42,63.04,36.66,64.67,50.37,D,Needs Improvement,Medium Risk,Completed,5,59.71
211,Ishaan Roy,Mechanical Engineering,ME,1,THM,Thermodynamics,66.73,64.7,49.06,62.32,56.4,58.69,D,Average,High Risk,Completed,3,60.43
212,Shaurya Roy,Civil Engineering,CE,3,SUR,Surveying,77.45,39.62,36.6,52.89,60.32,52.61,D,Needs Improvement,Medium Risk,Completed,4,60.32
212,Shaurya Roy,Civil Engineering,CE,3,SOM,Strength of Materials,84.27,54.34,68.59,73.98,77.08,71.89,B,Good,Low Risk,Completed,3,73.18
212,Shaurya Roy,Civil Engineering,CE,3,PM,Project Management,69.57,63.86,66.63,79.33,57.92,66.11,C,Average,High Risk,Completed,4,68.19
213,Rohan Khan,Computer Science & Engineering,CSE,5,CN,Computer Networks,85.45,98.47,87.26,73.07,70.8,77.28,B,Good,Low Risk,Completed,3,77.18
213,Rohan Khan,Computer Science & Engineering,CSE,5,DSA,Data Structures & Algorithms,93.32,98.44,88.06,92.74,73.98,84.69,A,Good,Low Risk,Completed,3,83.94
213,Rohan Khan,Computer Science & Engineering,CSE,5,ML,Introduction to Machine Learning,86.01,83.28,84.85,85.76,98.61,91.08,A+,Excellent,Low Risk,Completed,5,90.96
214,Shaurya Das,Civil Engineering,CE,7,SUR,Surveying,89.63,83.67,71.0,86.85,62.8,73.96,B,Good,Low Risk,Completed,5,79.7
214,Shaurya Das,Civil Engineering,CE,7,SOM,Strength of Materials,80.28,49.21,62.31,57.29,39.53,48.59,F,Needs Improvement,High Risk,Completed,4,58.07
214,Shaurya Das,Civil Engineering,CE,7,RM,Research Methodology,87.56,65.08,67.81,54.53,58.99,59.45,D,Average,Medium Risk,Completed,4,67.13
215,Krishna Khan,Civil Engineering,CE,6,SUR,Surveying,98.62,74.23,93.2,58.41,68.95,69.01,C,Average,Low Risk,Completed,3,74.03
215,Krishna Khan,Civil Engineering,CE,6,SOM,Strength of Materials,61.24,59.9,51.2,59.94,65.06,61.36,C,Average,High Risk,Completed,4,63.2
215,Krishna Khan,Civil Engineering,CE,6,DSA,Data Structures & Algorithms,80.73,68.02,90.59,73.41,69.67,72.64,B,Good,Low Risk,Completed,4,74.99
216,Tanya Roy,Business Administration,BBA,7,STAT,Business Statistics,73.85,64.49,63.23,51.17,56.19,56.63,D,Average,Medium Risk,Completed,5,64.41
216,Tanya Roy,Business Administration,BBA,7,PM,Project Management,100.0,89.76,89.69,62.69,88.12,80.9,A,Good,Low Risk,Completed,4,84.63
216,Tanya Roy,Business Administration,BBA,7,MKT,Principles of Marketing,80.49,74.84,69.4,55.73,75.3,68.77,C,Average,Low Risk,Completed,4,72.24
217,Anika Mehta,Mechanical Engineering,ME,1,EM,Engineering Mechanics,77.43,72.41,81.8,63.16,98.94,82.51,A,Good,Medium Risk,Completed,3,79.25
217,Anika Mehta,Mechanical Engineering,ME,1,THM,Thermodynamics,82.41,70.67,61.62,64.2,70.75,67.86,C,Average,Low Risk,Completed,4,71.99
217,Anika Mehta,Mechanical Engineering,ME,1,DBMS,Database Management Systems,91.4,97.45,75.12,87.84,86.11,87.23,A,Excellent,Low Risk,Completed,3,85.34
218,Saanvi Bose,Business Administration,BBA,6,RM,Research Methodology,75.4,82.88,61.48,95.23,66.57,77.1,B,Good,Medium Risk,Completed,4,77.05
218,Saanvi Bose,Business Administration,BBA,6,STAT,Business Statistics,76.0,90.03,64.75,97.48,82.67,86.42,A,Excellent,Medium Risk,Completed,4,83.7
218,Saanvi Bose,Business Administration,BBA,6,MKT,Principles of Marketing,87.44,62.57,57.42,65.97,55.29,59.8,D,Average,Medium Risk,Completed,5,69.35
219,Ayaan Verma,Electronics & Communication,ECE,5,DSP,Digital Signal Processing,87.09,67.3,51.39,65.14,75.61,68.8,C,Average,Low Risk,Completed,4,73.58
219,Ayaan Verma,Electronics & Communication,ECE,5,VLSI,VLSI Design,92.79,95.51,78.8,74.44,79.95,80.52,A,Good,Low Risk,Completed,4,82.92
219,Ayaan Verma,Electronics & Communication,ECE,5,MKT,Principles of Marketing,59.46,78.47,78.45,75.5,95.04,85.03,A,Excellent,High Risk,Completed,4,79.42
220,Arjun Jain,Electronics & Communication,ECE,1,DSP,Digital Signal Processing,80.67,97.1,100.0,100.0,75.62,88.59,A,Excellent,Low Risk,Completed,4,86.15
220,Arjun Jain,Electronics & Communication,ECE,1,VLSI,VLSI Design,84.15,74.72,55.79,68.6,44.62,57.45,D,Average,Medium Risk,Completed,5,67.04
220,Arjun Jain,Electronics & Communication,ECE,1,MKT,Principles of Marketing,79.45,62.76,77.6,34.64,66.65,57.56,D,Average,Medium Risk,Completed,4,64.18
221,Sara Sharma,Mechanical Engineering,ME,6,EM,Engineering Mechanics,96.28,57.68,73.82,70.48,82.69,74.39,B,Good,Low Risk,Completed,4,79.33
221,Sara Sharma,Mechanical Engineering,ME,6,THM,Thermodynamics,89.38,67.46,42.67,57.27,68.84,62.55,C,Average,Low Risk,Completed,5,71.66
221,Sara Sharma,Mechanical Engineering,ME,6,STAT,Business Statistics,49.39,69.08,47.21,41.66,30.86,41.47,F,Needs Improvement,High Risk,Completed,5,48.91
222,Kabir Chatterjee,Electronics & Communication,ECE,6,DSP,Digital Signal Processing,78.02,87.43,79.19,91.32,57.83,74.45,B,Good,Medium Risk,Completed,4,75.72
222,Kabir Chatterjee,Electronics & Communication,ECE,6,VLSI,VLSI Design,74.21,50.11,58.12,53.1,61.08,56.75,D,Average,Medium Risk,Completed,4,62.56
222,Kabir Chatterjee,Electronics & Communication,ECE,6,DSA,Data Structures & Algorithms,81.5,88.45,98.81,89.03,100.0,94.86,A+,Excellent,Low Risk,Completed,4,90.7
223,Ayaan Singh,Civil Engineering,CE,6,SUR,Surveying,74.07,72.4,61.32,58.15,86.2,73.23,B,Good,Medium Risk,Completed,3,72.07
223,Ayaan Singh,Civil Engineering,CE,6,SOM,Strength of Materials,86.6,56.11,76.19,60.82,83.3,71.77,B,Good,Low Risk,Completed,3,73.56
223,Ayaan Singh,Civil Engineering,CE,6,ML,Introduction to Machine Learning,92.55,88.93,81.33,77.77,74.4,78.28,B,Good,Low Risk,Completed,5,83.31
224,Ishaan Jain,Business Administration,BBA,8,PM,Project Management,68.12,70.26,52.05,53.16,47.28,52.97,D,Needs Improvement,High Risk,Completed,4,58.7
224,Ishaan Jain,Business Administration,BBA,8,STAT,Business Statistics,82.25,80.52,75.33,68.91,69.63,71.62,B,Good,Low Risk,Completed,4,74.58
224,Ishaan Jain,Business Administration,BBA,8,MKT,Principles of Marketing,84.01,82.58,73.36,71.37,96.27,84.45,A,Good,Low Risk,Completed,4,83.92
225,Meera Gupta,Mechanical Engineering,ME,2,EM,Engineering Mechanics,79.96,93.0,71.12,89.44,79.46,83.65,A,Good,Medium Risk,Completed,4,82.55
225,Meera Gupta,Mechanical Engineering,ME,2,THM,Thermodynamics,85.38,82.68,78.09,78.69,100.0,88.82,A,Excellent,Low Risk,Completed,5,89.25
225,Meera Gupta,Mechanical Engineering,ME,2,FIN,Financial Management,82.68,90.75,84.89,80.96,78.03,81.5,A,Good,Low Risk,Completed,4,81.59
226,Sai Bose,Civil Engineering,CE,4,SUR,Surveying,75.26,29.07,51.07,34.17,20.69,29.03,F,Critical,High Risk,Incomplete,4,43.37
226,Sai Bose,Civil Engineering,CE,4,SOM,Strength of Materials,82.47,62.36,68.94,50.75,60.85,58.86,D,Average,Medium Risk,Completed,3,63.69
226,Sai Bose,Civil Engineering,CE,4,DSA,Data Structures & Algorithms,86.7,85.38,78.44,84.98,100.0,91.14,A+,Excellent,Low Risk,Completed,4,89.14
227,Sneha Nair,Civil Engineering,CE,6,SUR,Surveying,69.44,64.98,72.84,85.81,71.59,74.99,B,Good,High Risk,Completed,4,74.38
227,Sneha Nair,Civil Engineering,CE,6,SOM,Strength of Materials,73.77,70.07,47.15,81.21,60.13,66.65,C,Average,Medium Risk,Completed,5,71.41
227,Sneha Nair,Civil Engineering,CE,6,RM,Research Methodology,83.95,63.48,59.37,45.82,60.75,56.54,D,Average,Medium Risk,Completed,3,62.37
228,Ira Patel,Computer Science & Engineering,CSE,8,CN,Computer Networks,89.75,76.93,67.15,58.24,77.71,70.7,B,Good,Low Risk,Completed,4,75.44
228,Ira Patel,Computer Science & Engineering,CSE,8,DBMS,Database Management Systems,82.81,43.91,56.59,32.11,15.0,28.63,F,Critical,High Risk,Incomplete,4,44.6
228,Ira Patel,Computer Science & Engineering,CSE,8,DSA,Data Structures & Algorithms,63.72,65.71,100.0,72.14,85.27,79.87,B,Good,High Risk,Completed,4,76.65
229,Neha Roy,Mechanical Engineering,ME,5,EM,Engineering Mechanics,73.78,44.26,40.12,45.66,51.09,47.34,F,Needs Improvement,High Risk,Completed,4,55.89
229,Neha Roy,Mechanical Engineering,ME,5,THM,Thermodynamics,82.13,37.34,30.23,64.96,63.92,56.87,D,Average,Medium Risk,Completed,4,64.24
229,Neha Roy,Mechanical Engineering,ME,5,MKT,Principles of Marketing,69.91,52.63,34.1,47.13,64.08,54.28,D,Needs Improvement,High Risk,Completed,5,61.98
230,Kunal Das,Business Administration,BBA,8,RM,Research Methodology,86.66,47.83,72.88,58.12,71.65,64.14,C,Average,Low Risk,Completed,4,70.23
230,Kunal Das,Business Administration,BBA,8,STAT,Business Statistics,74.11,94.12,82.49,86.1,86.64,87.19,A,Excellent,Medium Risk,Completed,3,81.85
230,Kunal Das,Business Administration,BBA,8,MKT,Principles of Marketing,79.34,74.24,70.84,80.61,83.91,80.16,A,Good,Medium Risk,Completed,3,77.98
231,Rohan Patel,Computer Science & Engineering,CSE,8,ML,Introduction to Machine Learning,70.01,88.3,87.86,61.4,84.54,78.5,B,Good,Medium Risk,Completed,4,76.95
231,Rohan Patel,Computer Science & Engineering,CSE,8,CN,Computer Networks,91.87,56.36,51.22,63.73,72.12,65.15,C,Average,Low Risk,Completed,4,71.98
231,Rohan Patel,Computer Science & Engineering,CSE,8,DBMS,Database Management Systems,87.83,64.21,77.64,79.82,92.75,83.08,A,Good,Low Risk,Completed,2,79.72
232,Myra Patel,Mechanical Engineering,ME,3,EM,Engineering Mechanics,89.99,99.49,100.0,100.0,100.0,99.92,A+,Excellent,Low Risk,Completed,5,97.94
232,Myra Patel,Mechanical Engineering,ME,3,THM,Thermodynamics,78.87,68.81,61.65,66.01,58.36,62.55,C,Average,Medium Risk,Completed,4,67.56
232,Myra Patel,Mechanical Engineering,ME,3,MKT,Principles of Marketing,78.27,51.42,51.55,46.04,89.71,67.05,C,Average,Medium Risk,Completed,5,72.59
233,Arjun Patel,Computer Science & Engineering,CSE,4,DBMS,Database Management Systems,79.64,50.99,42.89,42.32,63.25,53.1,D,Needs Improvement,Medium Risk,Completed,4,61.1
233,Arjun Patel,Computer Science & Engineering,CSE,4,DSA,Data Structures & Algorithms,92.03,97.35,71.39,88.84,92.2,89.89,A,Excellent,Low Risk,Completed,4,89.33
233,Arjun Patel,Computer Science & Engineering,CSE,4,ML,Introduction to Machine Learning,94.43,65.01,68.37,53.7,49.11,54.8,D,Needs Improvement,Medium Risk,Completed,4,65.24
234,Diya Roy,Business Administration,BBA,7,FIN,Financial Management,69.09,70.41,48.25,58.19,79.56,68.65,C,Average,High Risk,Completed,4,69.87
234,Diya Roy,Business Administration,BBA,7,RM,Research Methodology,68.98,57.02,60.82,74.39,79.44,72.7,B,Good,High Risk,Completed,4,72.68
234,Diya Roy,Business Administration,BBA,7,PM,Project Management,80.19,49.92,49.94,72.74,69.08,65.39,C,Average,Low Risk,Completed,4,69.81
235,Arjun Mehta,Business Administration,BBA,8,FIN,Financial Management,79.37,67.36,50.23,71.6,73.25,69.57,C,Average,Medium Risk,Completed,5,74.57
235,Arjun Mehta,Business Administration,BBA,8,RM,Research Methodology,86.53,89.8,79.03,70.15,71.28,74.49,B,Good,Low Risk,Completed,4,77.45
235,Arjun Mehta,Business Administration,BBA,8,STAT,Business Statistics,75.78,67.48,28.22,73.39,70.98,66.9,C,Average,Medium Risk,Completed,4,69.99
236,Rahul Gupta,Business Administration,BBA,4,RM,Research Methodology,81.21,90.82,88.31,63.12,86.57,80.35,A,Good,Low Risk,Completed,4,80.48
236,Rahul Gupta,Business Administration,BBA,4,STAT,Business Statistics,72.9,90.48,83.47,64.86,57.98,67.47,C,Average,Medium Risk,Completed,4,69.81
236,Rahul Gupta,Business Administration,BBA,4,MKT,Principles of Marketing,83.34,89.75,84.69,87.88,82.14,85.26,A,Excellent,Low Risk,Completed,3,82.35
237,Krishna Mehta,Civil Engineering,CE,6,SUR,Surveying,90.18,69.14,73.69,66.15,58.29,63.82,C,Average,Low Risk,Completed,4,70.71
237,Krishna Mehta,Civil Engineering,CE,6,SOM,Strength of Materials,74.11,73.35,62.44,88.02,73.18,76.58,B,Good,Medium Risk,Completed,5,78.43
237,Krishna Mehta,Civil Engineering,CE,6,THM,Thermodynamics,82.49,80.26,63.31,74.15,74.86,74.3,B,Good,Low Risk,Completed,5,78.51
238,Vivaan Khan,Computer Science & Engineering,CSE,5,ML,Introduction to Machine Learning,84.15,51.19,57.01,83.15,77.83,73.35,B,Good,Low Risk,Completed,4,76.17
238,Vivaan Khan,Computer Science & Engineering,CSE,5,CN,Computer Networks,97.58,76.57,77.61,80.9,100.0,88.52,A,Excellent,Low Risk,Completed,3,87.48
238,Vivaan Khan,Computer Science & Engineering,CSE,5,DSA,Data Structures & Algorithms,80.33,85.87,70.31,79.66,89.74,84.19,A,Good,Low Risk,Completed,5,85.0
239,Meera Mehta,Electronics & Communication,ECE,8,DSP,Digital Signal Processing,73.26,77.46,74.26,61.94,78.74,73.06,B,Good,Medium Risk,Completed,5,75.79
239,Meera Mehta,Electronics & Communication,ECE,8,VLSI,VLSI Design,87.73,61.59,45.9,55.15,76.89,64.97,C,Average,Low Risk,Completed,5,73.03
239,Meera Mehta,Electronics & Communication,ECE,8,DSA,Data Structures & Algorithms,77.64,72.87,63.96,48.95,97.61,75.94,B,Good,Medium Risk,Completed,4,76.69
240,Vivaan Bose,Computer Science & Engineering,CSE,6,DSA,Data Structures & Algorithms,80.28,69.43,72.55,59.18,100.0,80.42,A,Good,Low Risk,Completed,3,78.35
240,Vivaan Bose,Computer Science & Engineering,CSE,6,ML,Introduction to Machine Learning,73.37,72.5,57.79,46.02,75.67,64.51,C,Average,Medium Risk,Completed,5,69.83
240,Vivaan Bose,Computer Science & Engineering,CSE,6,DBMS,Database Management Systems,88.32,100.0,100.0,70.91,98.95,90.8,A+,Excellent,Low Risk,Completed,4,89.22
241,Sneha Verma,Electronics & Communication,ECE,4,DSP,Digital Signal Processing,64.16,76.29,66.24,87.1,91.84,85.52,A,Excellent,High Risk,Completed,3,78.7
241,Sneha Verma,Electronics & Communication,ECE,4,VLSI,VLSI Design,91.17,69.87,78.48,75.6,76.84,75.58,B,Good,Low Risk,Completed,4,79.14
241,Sneha Verma,Electronics & Communication,ECE,4,ML,Introduction to Machine Learning,66.16,64.49,55.63,55.88,53.31,55.99,D,Average,High Risk,Completed,4,60.43
242,Tanya Mehta,Computer Science & Engineering,CSE,4,DSA,Data Structures & Algorithms,78.91,71.15,91.49,82.31,85.94,83.19,A,Good,Medium Risk,Completed,5,84.01
242,Tanya Mehta,Computer Science & Engineering,CSE,4,ML,Introduction to Machine Learning,82.85,59.96,67.12,78.46,54.09,63.58,C,Average,Low Risk,Completed,4,69.08
242,Tanya Mehta,Computer Science & Engineering,CSE,4,DBMS,Database Management Systems,80.63,83.58,75.22,89.47,62.29,74.93,B,Good,Low Risk,Completed,4,76.58
243,Sai Bose,Mechanical Engineering,ME,1,EM,Engineering Mechanics,69.49,82.58,98.91,72.83,80.07,80.16,A,Good,High Risk,Completed,4,78.01
243,Sai Bose,Mechanical Engineering,ME,1,THM,Thermodynamics,60.25,56.38,44.73,82.18,63.06,65.96,C,Average,High Risk,Completed,4,66.22
243,Sai Bose,Mechanical Engineering,ME,1,STAT,Business Statistics,70.7,75.0,81.49,93.99,89.69,87.96,A,Excellent,Medium Risk,Completed,4,83.71
244,Sai Singh,Mechanical Engineering,ME,5,EM,Engineering Mechanics,84.17,74.95,58.58,73.44,61.05,66.61,C,Average,Low Risk,Completed,4,71.46
244,Sai Singh,Mechanical Engineering,ME,5,THM,Thermodynamics,100.0,65.83,47.38,64.76,73.46,67.1,C,Average,Low Risk,Completed,5,76.97
244,Sai Singh,Mechanical Engineering,ME,5,RM,Research Methodology,62.9,73.09,46.36,60.13,62.84,61.91,C,Average,High Risk,Completed,4,63.92
245,Kunal Mehta,Electronics & Communication,ECE,1,DSP,Digital Signal Processing,74.65,77.53,78.1,81.92,82.44,81.11,A,Good,Medium Risk,Completed,4,79.71
245,Kunal Mehta,Electronics & Communication,ECE,1,VLSI,VLSI Design,85.75,86.66,61.14,82.68,88.88,83.91,A,Good,Low Risk,Completed,5,85.89
245,Kunal Mehta,Electronics & Communication,ECE,1,DSA,Data Structures & Algorithms,71.91,57.95,68.13,75.06,59.8,64.94,C,Average,Medium Risk,Completed,5,69.84
246,Diya Bose,Electronics & Communication,ECE,4,DSP,Digital Signal Processing,79.02,71.37,80.44,77.06,100.0,86.87,A,Excellent,Medium Risk,Completed,3,82.61
246,Diya Bose,Electronics & Communication,ECE,4,VLSI,VLSI Design,75.83,69.52,76.09,79.73,100.0,86.96,A,Excellent,Medium Risk,Completed,4,84.03
246,Diya Bose,Electronics & Communication,ECE,4,DBMS,Database Management Systems,80.29,37.69,55.33,58.61,68.97,59.81,D,Average,Medium Risk,Completed,5,67.92
247,Ishaan Sharma,Business Administration,BBA,3,STAT,Business Statistics,77.41,58.3,50.42,69.37,51.67,57.85,D,Average,Medium Risk,Completed,4,63.98
247,Ishaan Sharma,Business Administration,BBA,3,MKT,Principles of Marketing,83.35,78.07,42.44,39.67,59.56,54.66,D,Needs Improvement,Medium Risk,Completed,4,62.93
247,Ishaan Sharma,Business Administration,BBA,3,RM,Research Methodology,76.01,72.62,77.03,86.07,52.16,67.89,C,Average,Medium Risk,Completed,4,70.72
248,Arjun Sen,Civil Engineering,CE,2,SUR,Surveying,71.28,91.88,64.94,74.11,82.24,79.52,B,Good,Medium Risk,Completed,4,77.92
248,Arjun Sen,Civil Engineering,CE,2,SOM,Strength of Materials,71.72,60.14,43.8,40.53,61.95,53.44,D,Needs Improvement,Medium Risk,Completed,4,59.75
248,Arjun Sen,Civil Engineering,CE,2,SUR,Surveying,80.39,73.59,92.46,74.98,80.8,79.14,B,Good,Low Risk,Completed,4,79.47
249,Priya Gupta,Civil Engineering,CE,2,SUR,Surveying,78.41,60.76,44.75,57.76,65.48,60.38,C,Average,Medium Risk,Completed,4,65.95
249,Priya Gupta,Civil Engineering,CE,2,SOM,Strength of Materials,84.0,72.98,69.88,64.86,100.0,82.39,A,Good,Low Risk,Completed,4,82.48
249,Priya Gupta,Civil Engineering,CE,2,THM,Thermodynamics,70.23,98.66,54.42,64.58,75.29,73.5,B,Good,Medium Risk,Completed,4,73.49
250,Krishna Verma,Civil Engineering,CE,1,SUR,Surveying,100.0,88.56,68.82,80.67,88.19,84.05,A,Good,Low Risk,Completed,5,88.84
250,Krishna Verma,Civil Engineering,CE,1,SOM,Strength of Materials,89.01,57.03,63.28,54.1,46.12,51.87,D,Needs Improvement,Medium Risk,Completed,5,64.11
250,Krishna Verma,Civil Engineering,CE,1,SUR,Surveying,91.13,79.72,70.66,62.71,90.69,78.64,B,Good,Low Risk,Completed,4,81.28
251,Aarav Sharma,Business Administration,BBA,8,STAT,Business Statistics,72.53,55.74,40.61,51.42,47.8,49.36,F,Needs Improvement,High Risk,Completed,4,57.06
251,Aarav Sharma,Business Administration,BBA,8,RM,Research Methodology,62.13,83.36,76.17,54.57,67.4,66.82,C,Average,High Risk,Completed,4,67.2
251,Aarav Sharma,Business Administration,BBA,8,PM,Project Management,74.39,97.21,77.72,71.6,95.98,87.03,A,Excellent,Medium Risk,Completed,5,85.8
252,Kunal Patel,Civil Engineering,CE,8,SUR,Surveying,72.68,100.0,91.08,100.0,81.35,90.72,A+,Excellent,Medium Risk,Completed,3,84.04
252,Kunal Patel,Civil Engineering,CE,8,SOM,Strength of Materials,79.11,56.28,68.6,73.99,70.88,69.4,C,Average,Medium Risk,Completed,5,74.4
252,Kunal Patel,Civil Engineering,CE,8,EM,Engineering Mechanics,68.73,90.62,67.73,87.0,96.87,90.06,A+,Excellent,High Risk,Completed,4,84.79
253,Nisha Patel,Civil Engineering,CE,6,SUR,Surveying,67.59,67.27,50.02,54.92,64.15,60.44,C,Average,High Risk,Completed,4,63.82
253,Nisha Patel,Civil Engineering,CE,6,SOM,Strength of Materials,78.52,72.22,83.64,81.43,73.26,76.59,B,Good,Medium Risk,Completed,5,79.32
253,Nisha Patel,Civil Engineering,CE,6,DSA,Data Structures & Algorithms,71.2,62.86,56.71,67.46,86.26,74.15,B,Good,Medium Risk,Completed,3,72.15
254,Ishaan Verma,Business Administration,BBA,6,FIN,Financial Management,73.84,71.66,54.14,71.84,72.94,70.54,B,Good,Medium Risk,Completed,4,72.14
254,Ishaan Verma,Business Administration,BBA,6,MKT,Principles of Marketing,68.5,85.52,75.2,76.86,75.57,77.41,B,Good,High Risk,Completed,4,75.89
254,Ishaan Verma,Business Administration,BBA,6,RM,Research Methodology,85.23,57.14,66.15,71.81,78.69,72.14,B,Good,Low Risk,Completed,5,77.54
255,Riya Chatterjee,Civil Engineering,CE,8,SUR,Surveying,73.35,57.61,51.12,58.92,72.99,64.28,C,Average,Medium Risk,Completed,3,65.66
255,Riya Chatterjee,Civil Engineering,CE,8,SOM,Strength of Materials,63.91,71.52,71.18,95.56,74.84,80.19,A,Good,High Risk,Completed,2,72.91
255,Riya Chatterjee,Civil Engineering,CE,8,SOM,Strength of Materials,76.02,54.15,50.52,49.86,62.96,56.46,D,Average,Medium Risk,Completed,4,62.73
256,Sneha Sen,Business Administration,BBA,2,PM,Project Management,65.61,73.69,59.05,79.72,83.18,78.31,B,Good,High Risk,Completed,4,75.94
256,Sneha Sen,Business Administration,BBA,2,RM,Research Methodology,70.86,70.84,52.77,87.74,70.1,73.77,B,Good,Medium Risk,Completed,4,73.81
256,Sneha Sen,Business Administration,BBA,2,MKT,Principles of Marketing,71.01,79.81,75.91,90.32,97.25,90.42,A+,Excellent,Medium Risk,Completed,5,87.5
257,Nisha Das,Business Administration,BBA,7,FIN,Financial Management,62.19,100.0,89.31,91.55,91.56,92.6,A+,Excellent,High Risk,Completed,3,83.26
257,Nisha Das,Business Administration,BBA,7,RM,Research Methodology,92.06,92.45,100.0,75.58,77.25,81.3,A,Good,Low Risk,Completed,2,79.32
257,Nisha Das,Business Administration,BBA,7,PM,Project Management,80.11,64.64,63.4,48.09,74.24,63.87,C,Average,Low Risk,Completed,4,68.73
258,Sara Khan,Mechanical Engineering,ME,7,EM,Engineering Mechanics,62.66,83.91,64.54,76.43,88.21,81.66,A,Good,High Risk,Completed,4,77.7
258,Sara Khan,Mechanical Engineering,ME,7,THM,Thermodynamics,78.22,46.47,73.58,59.52,76.2,66.48,C,Average,Medium Risk,Completed,4,70.18
258,Sara Khan,Mechanical Engineering,ME,7,RM,Research Methodology,71.23,74.48,55.2,72.81,62.13,66.49,C,Average,Medium Risk,Completed,3,66.79
259,Kunal Chatterjee,Computer Science & Engineering,CSE,6,ML,Introduction to Machine Learning,66.98,65.5,48.87,75.34,65.06,66.59,C,Average,High Risk,Completed,4,68.01
259,Kunal Chatterjee,Computer Science & Engineering,CSE,6,DSA,Data Structures & Algorithms,91.06,79.67,68.62,60.36,72.64,69.61,C,Average,Low Risk,Completed,4,74.94
259,Kunal Chatterjee,Computer Science & Engineering,CSE,6,CN,Computer Networks,76.78,80.16,63.93,72.66,88.49,80.04,A,Good,Medium Risk,Completed,4,79.38
260,Kabir Iyer,Electronics & Communication,ECE,2,DSP,Digital Signal Processing,73.85,64.95,59.07,65.33,81.35,71.85,B,Good,Medium Risk,Completed,4,73.07
260,Kabir Iyer,Electronics & Communication,ECE,2,VLSI,VLSI Design,94.77,59.0,36.92,50.94,58.13,53.99,D,Needs Improvement,Medium Risk,Completed,5,66.74
260,Kabir Iyer,Electronics & Communication,ECE,2,MKT,Principles of Marketing,87.37,72.7,49.16,55.65,47.27,53.79,D,Needs Improvement,Medium Risk,Completed,4,63.12
261,Arjun Sen,Computer Science & Engineering,CSE,6,DBMS,Database Management Systems,86.52,82.46,60.58,49.92,72.31,65.94,C,Average,Low Risk,Completed,4,71.46
261,Arjun Sen,Computer Science & Engineering,CSE,6,CN,Computer Networks,77.27,76.24,91.18,79.19,71.51,76.49,B,Good,Medium Risk,Completed,4,77.0
261,Arjun Sen,Computer Science & Engineering,CSE,6,DSA,Data Structures & Algorithms,96.0,68.13,67.72,64.66,84.15,74.26,B,Good,Low Risk,Completed,5,81.18
262,Vivaan Verma,Electronics & Communication,ECE,6,DSP,Digital Signal Processing,81.8,77.78,46.8,85.6,80.02,78.03,B,Good,Low Risk,Completed,4,78.98
262,Vivaan Verma,Electronics & Communication,ECE,6,VLSI,VLSI Design,74.62,59.35,73.72,59.3,89.45,74.32,B,Good,Medium Risk,Completed,4,74.95
262,Vivaan Verma,Electronics & Communication,ECE,6,SUR,Surveying,75.96,50.18,28.36,74.29,66.13,62.41,C,Average,Medium Risk,Completed,4,66.88
263,Meera Jain,Computer Science & Engineering,CSE,1,CN,Computer Networks,66.54,69.15,82.09,62.42,44.6,57.38,D,Average,High Risk,Completed,4,61.47
263,Meera Jain,Computer Science & Engineering,CSE,1,DSA,Data Structures & Algorithms,81.05,77.58,75.95,73.15,85.65,79.72,B,Good,Low Risk,Completed,3,78.01
263,Meera Jain,Computer Science & Engineering,CSE,1,ML,Introduction to Machine Learning,87.36,65.66,58.02,69.85,71.12,68.61,C,Average,Low Risk,Completed,5,75.5
264,Shaurya Gupta,Mechanical Engineering,ME,2,EM,Engineering Mechanics,70.11,58.51,76.05,64.77,63.47,64.38,C,Average,Medium Risk,Completed,4,67.08
264,Shaurya Gupta,Mechanical Engineering,ME,2,THM,Thermodynamics,75.3,100.0,88.03,85.74,100.0,94.53,A+,Excellent,Medium Risk,Completed,3,87.23
264,Shaurya Gupta,Mechanical Engineering,ME,2,SOM,Strength of Materials,66.91,77.28,86.03,86.12,83.44,83.58,A,Good,High Risk,Completed,4,79.89
265,Kunal Iyer,Business Administration,BBA,4,PM,Project Management,62.5,87.98,71.24,62.21,84.55,77.03,B,Good,High Risk,Completed,3,72.42
265,Kunal Iyer,Business Administration,BBA,4,FIN,Financial Management,79.15,83.27,74.12,60.92,78.79,73.63,B,Good,Medium Risk,Completed,5,77.37
265,Kunal Iyer,Business Administration,BBA,4,MKT,Principles of Marketing,87.69,61.19,69.33,64.78,81.61,72.27,B,Good,Low Risk,Completed,4,76.13
266,Arjun Bose,Computer Science & Engineering,CSE,5,ML,Introduction to Machine Learning,92.37,87.2,81.56,69.3,81.25,78.59,B,Good,Low Risk,Completed,4,81.48
266,Arjun Bose,Computer Science & Engineering,CSE,5,CN,Computer Networks,75.51,58.07,42.38,60.52,71.19,63.14,C,Average,Medium Risk,Completed,3,65.3
266,Arjun Bose,Computer Science & Engineering,CSE,5,DSA,Data Structures & Algorithms,99.04,82.42,89.91,76.49,87.2,83.54,A,Good,Low Risk,Completed,3,84.29
267,Priya Mehta,Business Administration,BBA,1,FIN,Financial Management,51.22,76.13,80.75,58.18,62.22,64.95,C,Average,High Risk,Completed,3,61.71
267,Priya Mehta,Business Administration,BBA,1,RM,Research Methodology,92.08,59.16,79.51,73.55,78.95,74.42,B,Good,Low Risk,Completed,4,78.51
267,Priya Mehta,Business Administration,BBA,1,STAT,Business Statistics,78.56,67.6,79.39,74.35,73.39,73.41,B,Good,Medium Risk,Completed,3,73.1
268,Ishaan Sen,Business Administration,BBA,5,STAT,Business Statistics,88.17,67.83,73.37,86.89,80.92,79.99,B,Good,Low Risk,Completed,4,81.63
268,Ishaan Sen,Business Administration,BBA,5,MKT,Principles of Marketing,53.36,64.18,59.96,70.16,65.02,65.93,C,Average,High Risk,Completed,4,64.82
268,Ishaan Sen,Business Administration,BBA,5,RM,Research Methodology,66.76,55.41,69.24,49.57,55.58,55.12,D,Average,High Risk,Completed,5,61.94
269,Aarav Singh,Mechanical Engineering,ME,3,EM,Engineering Mechanics,81.92,54.86,70.65,63.93,66.85,64.56,C,Average,Low Risk,Completed,3,67.57
269,Aarav Singh,Mechanical Engineering,ME,3,THM,Thermodynamics,100.0,70.41,74.41,83.03,90.92,83.83,A,Good,Low Risk,Completed,4,86.68
269,Aarav Singh,Mechanical Engineering,ME,3,VLSI,VLSI Design,87.47,45.61,15.09,31.32,57.82,43.77,F,Needs Improvement,High Risk,Completed,5,58.13
270,Neha Roy,Business Administration,BBA,1,RM,Research Methodology,80.27,84.09,79.69,95.67,73.75,82.47,A,Good,Low Risk,Completed,3,79.79
270,Neha Roy,Business Administration,BBA,1,MKT,Principles of Marketing,81.74,97.91,74.07,83.52,74.05,80.47,A,Good,Low Risk,Completed,4,80.68
270,Neha Roy,Business Administration,BBA,1,PM,Project Management,71.93,39.89,60.58,62.14,34.49,46.21,F,Needs Improvement,High Risk,Completed,5,56.73
271,Sara Gupta,Computer Science & Engineering,CSE,3,DSA,Data Structures & Algorithms,85.14,91.59,100.0,83.49,99.24,93.44,A+,Excellent,Low Risk,Completed,4,90.44
271,Sara Gupta,Computer Science & Engineering,CSE,3,CN,Computer Networks,86.5,83.16,74.73,84.38,77.06,79.94,B,Good,Low Risk,Completed,4,81.26
271,Sara Gupta,Computer Science & Engineering,CSE,3,ML,Introduction to Machine Learning,63.84,77.78,57.26,51.28,64.21,61.67,C,Average,High Risk,Completed,4,63.94
272,Neha Gupta,Mechanical Engineering,ME,2,EM,Engineering Mechanics,79.54,40.57,69.57,56.81,47.24,51.34,D,Needs Improvement,Medium Risk,Completed,3,57.85
272,Neha Gupta,Mechanical Engineering,ME,2,THM,Thermodynamics,85.9,70.49,66.13,71.38,64.49,67.62,C,Average,Low Risk,Completed,4,72.52
272,Neha Gupta,Mechanical Engineering,ME,2,DSP,Digital Signal Processing,85.23,49.96,35.69,67.86,49.01,53.48,D,Needs Improvement,Medium Risk,Completed,3,60.48
273,Kunal Patel,Computer Science & Engineering,CSE,5,DSA,Data Structures & Algorithms,85.83,86.23,75.17,87.24,80.14,82.68,A,Good,Low Risk,Completed,4,83.05
273,Kunal Patel,Computer Science & Engineering,CSE,5,DBMS,Database Management Systems,71.55,66.36,37.94,42.5,44.77,46.64,F,Needs Improvement,High Risk,Completed,3,52.96
273,Kunal Patel,Computer Science & Engineering,CSE,5,ML,Introduction to Machine Learning,72.92,46.86,42.87,43.91,47.02,45.65,F,Needs Improvement,High Risk,Completed,5,56.54
274,Myra Iyer,Civil Engineering,CE,8,SUR,Surveying,73.85,66.9,74.67,85.25,63.18,71.51,B,Good,Medium Risk,Completed,4,72.82
274,Myra Iyer,Civil Engineering,CE,8,SOM,Strength of Materials,70.81,76.26,56.47,56.6,81.46,70.72,B,Good,Medium Risk,Completed,4,71.67
274,Myra Iyer,Civil Engineering,CE,8,MKT,Principles of Marketing,80.26,64.66,71.88,60.86,92.12,76.6,B,Good,Low Risk,Completed,3,75.67
275,Ayaan Bose,Civil Engineering,CE,2,SUR,Surveying,69.15,75.35,63.67,63.95,80.89,73.25,B,Good,High Risk,Completed,4,73.11
275,Ayaan Bose,Civil Engineering,CE,2,SOM,Strength of Materials,71.3,64.15,77.49,74.69,86.72,78.8,B,Good,Medium Risk,Completed,4,77.42
275,Ayaan Bose,Civil Engineering,CE,2,DSP,Digital Signal Processing,64.21,93.35,70.49,82.13,65.43,75.13,B,Good,High Risk,Completed,4,73.44
276,Arjun Chatterjee,Mechanical Engineering,ME,8,EM,Engineering Mechanics,81.71,52.81,54.72,64.04,42.58,51.76,D,Needs Improvement,Medium Risk,Completed,4,60.58
276,Arjun Chatterjee,Mechanical Engineering,ME,8,THM,Thermodynamics,100.0,76.11,82.58,76.31,100.0,87.57,A,Excellent,Low Risk,Completed,3,87.3
276,Arjun Chatterjee,Mechanical Engineering,ME,8,EM,Engineering Mechanics,63.95,48.07,74.7,74.67,70.72,68.9,C,Average,High Risk,Completed,4,69.02
277,Aadhya Verma,Business Administration,BBA,1,STAT,Business Statistics,82.1,100.0,88.21,100.0,96.14,97.08,A+,Excellent,Low Risk,Completed,4,92.38
277,Aadhya Verma,Business Administration,BBA,1,MKT,Principles of Marketing,95.7,95.19,64.18,89.86,100.0,92.65,A+,Excellent,Low Risk,Completed,4,92.0
277,Aadhya Verma,Business Administration,BBA,1,RM,Research Methodology,96.8,87.43,73.14,58.45,94.45,80.46,A,Good,Low Risk,Completed,3,81.69
278,Priya Singh,Computer Science & Engineering,CSE,5,DSA,Data Structures & Algorithms,67.88,71.46,72.52,77.07,61.74,68.87,C,Average,High Risk,Completed,5,71.79
278,Priya Singh,Computer Science & Engineering,CSE,5,CN,Computer Networks,61.97,63.75,63.25,66.6,82.18,72.85,B,Good,High Risk,Completed,4,71.39
278,Priya Singh,Computer Science & Engineering,CSE,5,DBMS,Database Management Systems,68.71,78.77,70.78,65.94,48.71,60.6,C,Average,High Risk,Completed,5,66.16
279,Arjun Sharma,Mechanical Engineering,ME,8,EM,Engineering Mechanics,71.44,60.85,40.91,40.84,32.78,40.22,F,Needs Improvement,High Risk,Completed,5,52.44
279,Arjun Sharma,Mechanical Engineering,ME,8,THM,Thermodynamics,100.0,55.51,52.4,59.24,69.38,62.56,C,Average,Low Risk,Completed,4,71.79
279,Arjun Sharma,Mechanical Engineering,ME,8,VLSI,VLSI Design,71.54,65.53,55.77,54.89,74.13,65.23,C,Average,Medium Risk,Completed,4,67.97
280,Sai Khan,Civil Engineering,CE,4,SUR,Surveying,91.07,76.7,58.41,44.69,58.62,57.13,D,Average,Medium Risk,Completed,4,66.21
280,Sai Khan,Civil Engineering,CE,4,SOM,Strength of Materials,71.6,57.58,57.48,57.12,67.61,61.95,C,Average,Medium Risk,Completed,4,65.68
280,Sai Khan,Civil Engineering,CE,4,ML,Introduction to Machine Learning,90.74,51.27,39.66,65.26,52.26,54.75,D,Needs Improvement,Medium Risk,Completed,4,64.48
281,Aadhya Mehta,Business Administration,BBA,1,PM,Project Management,88.73,49.88,23.15,26.89,64.22,46.76,F,Needs Improvement,High Risk,Completed,3,56.48
281,Aadhya Mehta,Business Administration,BBA,1,STAT,Business Statistics,55.54,58.48,57.26,69.86,46.2,56.25,D,Average,High Risk,Completed,3,56.48
281,Aadhya Mehta,Business Administration,BBA,1,MKT,Principles of Marketing,91.04,61.7,88.39,77.82,91.51,82.62,A,Good,Low Risk,Completed,4,84.04
282,Sara Jain,Civil Engineering,CE,2,SUR,Surveying,73.03,52.33,29.01,37.47,40.62,40.27,F,Needs Improvement,High Risk,Completed,2,46.79
282,Sara Jain,Civil Engineering,CE,2,SOM,Strength of Materials,74.6,97.11,89.02,100.0,97.93,97.54,A+,Excellent,Medium Risk,Completed,4,91.19
282,Sara Jain,Civil Engineering,CE,2,DBMS,Database Management Systems,86.05,42.54,67.03,49.19,77.31,62.63,C,Average,Low Risk,Completed,4,69.05
283,Myra Verma,Mechanical Engineering,ME,7,EM,Engineering Mechanics,82.21,62.21,67.4,87.13,82.73,79.44,B,Good,Low Risk,Completed,5,82.05
283,Myra Verma,Mechanical Engineering,ME,7,THM,Thermodynamics,71.2,68.88,76.07,51.38,97.92,77.42,B,Good,Medium Risk,Completed,4,76.43
283,Myra Verma,Mechanical Engineering,ME,7,SOM,Strength of Materials,66.84,99.17,100.0,72.19,96.98,90.18,A+,Excellent,High Risk,Completed,4,84.49
284,Arjun Khan,Civil Engineering,CE,1,SUR,Surveying,81.59,61.8,44.25,66.29,34.47,49.09,F,Needs Improvement,High Risk,Completed,3,56.68
284,Arjun Khan,Civil Engineering,CE,1,SOM,Strength of Materials,80.55,66.47,81.35,79.48,84.94,80.17,A,Good,Low Risk,Completed,4,80.23
284,Arjun Khan,Civil Engineering,CE,1,DSP,Digital Signal Processing,76.85,99.77,67.48,100.0,80.65,88.01,A,Excellent,Medium Risk,Completed,3,82.97
285,Sneha Verma,Mechanical Engineering,ME,8,EM,Engineering Mechanics,84.21,96.93,100.0,92.13,82.31,89.22,A,Excellent,Low Risk,Completed,5,89.3
285,Sneha Verma,Mechanical Engineering,ME,8,THM,Thermodynamics,86.86,50.47,75.37,64.98,92.85,76.39,B,Good,Low Risk,Completed,4,78.84
285,Sneha Verma,Mechanical Engineering,ME,8,ML,Introduction to Machine Learning,85.38,64.89,92.36,96.78,80.59,84.27,A,Good,Low Risk,Completed,5,86.07
286,Myra Mehta,Mechanical Engineering,ME,2,EM,Engineering Mechanics,70.8,65.58,68.39,60.84,72.62,67.61,C,Average,Medium Risk,Completed,4,69.49
286,Myra Mehta,Mechanical Engineering,ME,2,THM,Thermodynamics,83.03,68.66,60.08,72.7,46.41,59.0,D,Average,Medium Risk,Completed,4,65.91
286,Myra Mehta,Mechanical Engineering,ME,2,DSA,Data Structures & Algorithms,66.33,51.65,44.65,51.93,56.39,53.16,D,Needs Improvement,High Risk,Completed,5,60.48
287,Anika Khan,Electronics & Communication,ECE,2,DSP,Digital Signal Processing,63.45,79.55,56.1,67.5,74.5,71.32,B,Good,High Risk,Completed,4,70.61
287,Anika Khan,Electronics & Communication,ECE,2,VLSI,VLSI Design,87.15,76.52,100.0,87.27,84.36,85.62,A,Excellent,Low Risk,Completed,5,87.37
287,Anika Khan,Electronics & Communication,ECE,2,EM,Engineering Mechanics,84.53,99.92,69.69,71.5,77.39,78.23,B,Good,Low Risk,Completed,5,81.67
288,Shaurya Sen,Civil Engineering,CE,6,SUR,Surveying,57.09,48.05,32.31,49.25,60.95,52.64,D,Needs Improvement,High Risk,Completed,3,54.27
288,Shaurya Sen,Civil Engineering,CE,6,SOM,Strength of Materials,77.61,63.5,32.54,63.9,65.69,61.51,C,Average,Medium Risk,Completed,5,68.58
288,Shaurya Sen,Civil Engineering,CE,6,RM,Research Methodology,100.0,83.06,85.94,82.04,87.65,85.11,A,Excellent,Low Risk,Completed,5,89.57
289,Priya Singh,Electronics & Communication,ECE,2,DSP,Digital Signal Processing,68.48,69.63,66.1,51.87,67.11,62.82,C,Average,High Risk,Completed,4,65.67
289,Priya Singh,Electronics & Communication,ECE,2,VLSI,VLSI Design,83.99,100.0,100.0,96.58,91.6,95.19,A+,Excellent,Low Risk,Completed,5,93.43
289,Priya Singh,Electronics & Communication,ECE,2,VLSI,VLSI Design,100.0,69.42,62.34,58.42,81.78,70.98,B,Good,Low Risk,Completed,5,79.68
290,Diya Sen,Business Administration,BBA,3,MKT,Principles of Marketing,84.69,50.95,66.25,71.01,87.52,74.95,B,Good,Low Risk,Completed,3,75.41
290,Diya Sen,Business Administration,BBA,3,FIN,Financial Management,68.28,43.29,70.7,73.69,61.5,63.35,C,Average,High Risk,Completed,5,68.0
290,Diya Sen,Business Administration,BBA,3,RM,Research Methodology,79.34,70.28,67.88,56.58,77.78,69.3,C,Average,Medium Risk,Completed,4,72.38
291,Sai Chatterjee,Electronics & Communication,ECE,4,DSP,Digital Signal Processing,82.55,79.32,68.49,81.74,90.8,84.13,A,Good,Low Risk,Completed,3,81.4
291,Sai Chatterjee,Electronics & Communication,ECE,4,VLSI,VLSI Design,82.52,65.87,64.0,75.59,60.45,66.16,C,Average,Low Risk,Completed,4,70.81
291,Sai Chatterjee,Electronics & Communication,ECE,4,DSA,Data Structures & Algorithms,88.69,84.63,48.93,67.13,53.53,61.82,C,Average,Low Risk,Completed,5,71.01
292,Sai Bose,Electronics & Communication,ECE,2,DSP,Digital Signal Processing,82.07,48.09,52.33,45.48,67.69,56.55,D,Average,Medium Risk,Completed,3,62.0
292,Sai Bose,Electronics & Communication,ECE,2,VLSI,VLSI Design,77.75,77.48,78.4,70.24,82.15,77.5,B,Good,Medium Risk,Completed,5,79.8
292,Sai Bose,Electronics & Communication,ECE,2,SOM,Strength of Materials,90.04,77.64,50.87,46.66,67.29,61.01,C,Average,Low Risk,Completed,4,68.71
293,Rohan Iyer,Electronics & Communication,ECE,8,DSP,Digital Signal Processing,84.38,86.4,78.66,100.0,88.57,90.68,A+,Excellent,Low Risk,Completed,4,88.35
293,Rohan Iyer,Electronics & Communication,ECE,8,VLSI,VLSI Design,77.22,83.01,81.27,90.99,91.56,89.08,A,Excellent,Medium Risk,Completed,4,85.8
293,Rohan Iyer,Electronics & Communication,ECE,8,STAT,Business Statistics,76.42,57.99,73.85,93.58,63.16,72.58,B,Good,Medium Risk,Completed,3,72.09
294,Kabir Jain,Business Administration,BBA,6,PM,Project Management,85.37,66.04,57.65,51.45,63.66,59.75,D,Average,Medium Risk,Completed,3,64.9
294,Kabir Jain,Business Administration,BBA,6,RM,Research Methodology,89.03,61.21,53.33,91.09,67.38,72.16,B,Good,Low Risk,Completed,5,78.32
294,Kabir Jain,Business Administration,BBA,6,STAT,Business Statistics,78.05,74.54,57.54,71.61,66.57,68.38,C,Average,Medium Risk,Completed,3,69.47
295,Sara Patel,Mechanical Engineering,ME,8,EM,Engineering Mechanics,78.1,74.48,59.53,93.56,87.57,84.6,A,Good,Medium Risk,Completed,5,84.84
295,Sara Patel,Mechanical Engineering,ME,8,THM,Thermodynamics,62.05,87.86,65.6,60.1,74.34,71.22,B,Good,High Risk,Completed,5,72.26
295,Sara Patel,Mechanical Engineering,ME,8,ML,Introduction to Machine Learning,92.74,82.55,56.81,64.31,84.21,75.25,B,Good,Low Risk,Completed,2,75.22
296,Shaurya Bose,Civil Engineering,CE,5,SUR,Surveying,65.37,65.44,64.62,66.27,64.58,65.22,C,Average,High Risk,Completed,3,64.73
296,Shaurya Bose,Civil Engineering,CE,5,SOM,Strength of Materials,100.0,86.38,100.0,93.61,100.0,96.04,A+,Excellent,Low Risk,Completed,4,95.23
296,Shaurya Bose,Civil Engineering,CE,5,MKT,Principles of Marketing,88.41,65.34,56.36,49.73,54.36,54.82,D,Needs Improvement,Medium Risk,Completed,3,62.06
297,Aditya Chatterjee,Business Administration,BBA,8,MKT,Principles of Marketing,68.06,69.49,86.59,85.34,72.76,77.43,B,Good,High Risk,Completed,4,75.81
297,Aditya Chatterjee,Business Administration,BBA,8,STAT,Business Statistics,89.27,91.28,75.45,98.89,100.0,95.9,A+,Excellent,Low Risk,Completed,4,92.99
297,Aditya Chatterjee,Business Administration,BBA,8,RM,Research Methodology,76.99,73.65,43.64,73.05,88.13,76.99,B,Good,Medium Risk,Completed,4,77.29
298,Vivaan Gupta,Civil Engineering,CE,5,SUR,Surveying,72.55,76.23,68.03,62.3,89.62,77.26,B,Good,Medium Risk,Completed,5,78.59
298,Vivaan Gupta,Civil Engineering,CE,5,SOM,Strength of Materials,83.67,70.12,70.45,46.1,77.82,66.41,C,Average,Low Risk,Completed,4,71.22
298,Vivaan Gupta,Civil Engineering,CE,5,DBMS,Database Management Systems,100.0,70.72,61.07,43.45,85.38,68.17,C,Average,Low Risk,Completed,3,73.72
299,Sara Verma,Computer Science & Engineering,CSE,1,DBMS,Database Management Systems,74.52,74.12,67.24,58.22,64.66,64.41,C,Average,Medium Risk,Completed,4,67.99
299,Sara Verma,Computer Science & Engineering,CSE,1,ML,Introduction to Machine Learning,81.04,83.36,83.28,79.11,70.33,76.21,B,Good,Low Risk,Completed,5,79.56
299,Sara Verma,Computer Science & Engineering,CSE,1,DSA,Data Structures & Algorithms,68.98,66.86,69.91,80.91,69.69,72.66,B,Good,High Risk,Completed,3,70.66
300,Sneha Verma,Civil Engineering,CE,4,SUR,Surveying,81.26,74.54,81.72,83.89,66.55,74.47,B,Good,Low Risk,Completed,4,76.38
300,Sneha Verma,Civil Engineering,CE,4,SOM,Strength of Materials,84.74,74.01,53.74,56.86,78.12,68.69,C,Average,Low Risk,Completed,4,73.03
300,Sneha Verma,Civil Engineering,CE,4,PM,Project Management,69.03,84.02,64.09,64.76,74.07,71.77,B,Good,High Risk,Completed,4,72.05
301,Kiara Nair,Mechanical Engineering,ME,3,EM,Engineering Mechanics,65.11,78.93,80.87,47.92,82.08,71.24,B,Good,High Risk,Completed,3,68.89
301,Kiara Nair,Mechanical Engineering,ME,3,THM,Thermodynamics,81.17,82.57,78.06,95.62,68.41,79.66,B,Good,Low Risk,Completed,4,80.0
301,Kiara Nair,Mechanical Engineering,ME,3,SOM,Strength of Materials,89.54,100.0,76.87,95.75,84.94,89.64,A,Excellent,Low Risk,Completed,5,90.65
302,Rahul Patel,Computer Science & Engineering,CSE,3,CN,Computer Networks,76.1,84.97,64.01,56.37,66.71,66.07,C,Average,Medium Risk,Completed,4,69.47
302,Rahul Patel,Computer Science & Engineering,CSE,3,DBMS,Database Management Systems,84.12,100.0,70.41,83.83,86.24,86.0,A,Excellent,Low Risk,Completed,4,85.02
302,Rahul Patel,Computer Science & Engineering,CSE,3,DSA,Data Structures & Algorithms,87.09,68.56,72.68,72.51,62.9,67.61,C,Average,Low Risk,Completed,4,72.75
303,Sara Nair,Computer Science & Engineering,CSE,3,DSA,Data Structures & Algorithms,78.04,70.59,69.18,65.52,86.55,76.11,B,Good,Medium Risk,Completed,3,74.89
303,Sara Nair,Computer Science & Engineering,CSE,3,ML,Introduction to Machine Learning,100.0,52.97,45.1,71.43,39.42,51.62,D,Needs Improvement,Medium Risk,Completed,4,64.14
303,Sara Nair,Computer Science & Engineering,CSE,3,CN,Computer Networks,69.19,77.93,77.76,100.0,100.0,94.47,A+,Excellent,High Risk,Completed,4,87.96
304,Kabir Chatterjee,Mechanical Engineering,ME,7,EM,Engineering Mechanics,95.38,98.07,75.24,54.88,71.35,70.81,B,Good,Low Risk,Completed,4,76.64
304,Kabir Chatterjee,Mechanical Engineering,ME,7,THM,Thermodynamics,77.56,80.08,82.19,67.0,83.07,77.72,B,Good,Medium Risk,Completed,4,77.91
304,Kabir Chatterjee,Mechanical Engineering,ME,7,VLSI,VLSI Design,89.2,73.5,95.47,56.95,67.59,68.07,C,Average,Low Risk,Completed,4,73.49
305,Ananya Roy,Civil Engineering,CE,1,SUR,Surveying,93.63,77.03,58.21,86.54,87.33,82.64,A,Good,Low Risk,Completed,3,82.57
305,Ananya Roy,Civil Engineering,CE,1,SOM,Strength of Materials,64.09,65.31,59.12,80.86,74.36,73.43,B,Good,High Risk,Completed,3,70.22
305,Ananya Roy,Civil Engineering,CE,1,STAT,Business Statistics,67.56,85.86,70.79,78.54,89.61,83.85,A,Good,High Risk,Completed,4,80.2
306,Ananya Patel,Mechanical Engineering,ME,7,EM,Engineering Mechanics,82.07,91.11,80.79,90.05,94.32,91.2,A+,Excellent,Low Risk,Completed,4,88.25
306,Ananya Patel,Mechanical Engineering,ME,7,THM,Thermodynamics,79.42,54.0,40.19,36.23,69.07,54.07,D,Needs Improvement,Medium Risk,Completed,4,61.73
306,Ananya Patel,Mechanical Engineering,ME,7,DSA,Data Structures & Algorithms,68.13,61.03,82.88,70.77,63.64,67.31,C,Average,High Risk,Completed,4,68.75
307,Neha Mehta,Mechanical Engineering,ME,3,EM,Engineering Mechanics,93.25,75.76,54.63,55.31,31.81,47.73,F,Needs Improvement,High Risk,Completed,3,58.06
307,Neha Mehta,Mechanical Engineering,ME,3,THM,Thermodynamics,78.46,52.66,37.78,52.83,62.99,55.87,D,Average,Medium Risk,Completed,4,62.8
307,Neha Mehta,Mechanical Engineering,ME,3,DSP,Digital Signal Processing,74.61,35.37,58.02,57.83,39.43,46.2,F,Needs Improvement,High Risk,Completed,3,53.26
308,Anika Roy,Mechanical Engineering,ME,3,EM,Engineering Mechanics,56.48,69.82,61.19,77.14,54.28,64.16,C,Average,High Risk,Completed,4,64.21
308,Anika Roy,Mechanical Engineering,ME,3,THM,Thermodynamics,66.7,42.1,63.87,46.24,56.41,51.96,D,Needs Improvement,High Risk,Completed,4,57.71
308,Anika Roy,Mechanical Engineering,ME,3,DSA,Data Structures & Algorithms,75.57,62.76,40.27,65.67,47.57,54.55,D,Needs Improvement,Medium Risk,Completed,4,61.3
309,Rohan Sen,Mechanical Engineering,ME,7,EM,Engineering Mechanics,74.51,78.74,72.59,79.79,50.8,65.87,C,Average,Medium Risk,Completed,3,67.01
309,Rohan Sen,Mechanical Engineering,ME,7,THM,Thermodynamics,91.7,70.29,74.46,82.63,88.71,82.7,A,Good,Low Risk,Completed,3,82.23
309,Rohan Sen,Mechanical Engineering,ME,7,DSP,Digital Signal Processing,74.76,68.4,89.35,58.86,45.48,57.32,D,Average,Medium Risk,Completed,4,63.08
310,Rahul Patel,Electronics & Communication,ECE,5,DSP,Digital Signal Processing,83.93,78.79,97.35,95.15,76.54,84.54,A,Good,Low Risk,Completed,4,83.97
310,Rahul Patel,Electronics & Communication,ECE,5,VLSI,VLSI Design,93.97,83.3,77.67,97.47,70.45,81.2,A,Good,Low Risk,Completed,4,83.64
310,Rahul Patel,Electronics & Communication,ECE,5,SOM,Strength of Materials,87.69,52.98,68.78,60.97,41.88,51.96,D,Needs Improvement,Medium Risk,Completed,5,63.91
311,Kunal Sen,Business Administration,BBA,2,RM,Research Methodology,92.17,83.0,84.94,92.21,83.17,86.04,A,Excellent,Low Risk,Completed,5,88.66
311,Kunal Sen,Business Administration,BBA,2,STAT,Business Statistics,53.28,77.13,67.55,72.91,70.31,71.84,B,Good,High Risk,Completed,5,70.94
311,Kunal Sen,Business Administration,BBA,2,MKT,Principles of Marketing,85.25,82.04,82.94,85.65,76.81,80.86,A,Good,Low Risk,Completed,4,81.65
312,Diya Sharma,Civil Engineering,CE,6,SUR,Surveying,96.4,90.07,67.29,86.54,67.11,76.4,B,Good,Low Risk,Completed,4,80.76
312,Diya Sharma,Civil Engineering,CE,6,SOM,Strength of Materials,68.65,68.6,31.71,46.54,64.67,56.52,D,Average,High Risk,Completed,4,61.3
312,Diya Sharma,Civil Engineering,CE,6,SUR,Surveying,63.41,59.39,70.26,73.97,68.37,68.89,C,Average,High Risk,Completed,5,70.91
313,Ayaan Gupta,Mechanical Engineering,ME,8,EM,Engineering Mechanics,73.38,73.96,57.93,75.58,91.11,80.56,A,Good,Medium Risk,Completed,4,79.07
313,Ayaan Gupta,Mechanical Engineering,ME,8,THM,Thermodynamics,80.0,100.0,84.5,100.0,89.56,93.75,A+,Excellent,Medium Risk,Completed,4,89.63
313,Ayaan Gupta,Mechanical Engineering,ME,8,ML,Introduction to Machine Learning,81.25,91.89,100.0,88.24,74.85,83.94,A,Good,Low Risk,Completed,5,85.01
314,Sai Singh,Electronics & Communication,ECE,2,DSP,Digital Signal Processing,80.57,77.92,57.06,55.28,70.41,65.66,C,Average,Low Risk,Completed,3,68.08
314,Sai Singh,Electronics & Communication,ECE,2,VLSI,VLSI Design,81.83,65.85,48.02,86.08,70.79,72.36,B,Good,Low Risk,Completed,5,77.02
314,Sai Singh,Electronics & Communication,ECE,2,CN,Computer Networks,70.64,71.57,64.29,55.92,87.52,73.32,B,Good,Medium Risk,Completed,4,73.45
315,Sneha Patel,Mechanical Engineering,ME,1,EM,Engineering Mechanics,89.31,44.87,40.62,30.5,71.81,52.26,D,Needs Improvement,Medium Risk,Completed,3,60.44
315,Sneha Patel,Mechanical Engineering,ME,1,THM,Thermodynamics,89.25,76.92,69.99,53.98,63.98,63.52,C,Average,Low Risk,Completed,4,70.32
315,Sneha Patel,Mechanical Engineering,ME,1,RM,Research Methodology,80.33,69.37,72.1,49.07,89.91,72.8,B,Good,Low Risk,Completed,5,77.02
316,Priya Verma,Mechanical Engineering,ME,3,EM,Engineering Mechanics,90.89,95.63,52.71,69.5,44.44,60.46,C,Average,Low Risk,Completed,4,68.5
316,Priya Verma,Mechanical Engineering,ME,3,THM,Thermodynamics,80.4,69.84,49.79,80.49,94.85,82.29,A,Good,Low Risk,Completed,4,81.68
316,Priya Verma,Mechanical Engineering,ME,3,PM,Project Management,65.27,81.85,70.56,68.89,69.16,71.12,B,Good,High Risk,Completed,4,70.84
317,Reyansh Mehta,Business Administration,BBA,3,RM,Research Methodology,67.7,72.62,74.09,64.5,99.15,82.27,A,Good,High Risk,Completed,3,77.13
317,Reyansh Mehta,Business Administration,BBA,3,FIN,Financial Management,68.77,81.95,68.6,53.66,78.24,70.46,B,Good,High Risk,Completed,4,71.08
317,Reyansh Mehta,Business Administration,BBA,3,MKT,Principles of Marketing,77.11,67.59,77.14,69.09,97.89,82.63,A,Good,Medium Risk,Completed,3,79.26
318,Myra Gupta,Civil Engineering,CE,4,SUR,Surveying,82.2,93.42,98.43,83.5,100.0,93.91,A+,Excellent,Low Risk,Completed,2,86.18
318,Myra Gupta,Civil Engineering,CE,4,SOM,Strength of Materials,69.2,50.83,58.78,67.6,72.79,66.54,C,Average,High Risk,Completed,4,68.42
318,Myra Gupta,Civil Engineering,CE,4,DBMS,Database Management Systems,82.25,65.25,73.24,72.56,65.38,68.3,C,Average,Low Risk,Completed,3,70.26
319,Shaurya Bose,Civil Engineering,CE,8,SUR,Surveying,73.09,61.01,65.38,72.03,64.55,66.35,C,Average,Medium Risk,Completed,4,69.06
319,Shaurya Bose,Civil Engineering,CE,8,SOM,Strength of Materials,75.15,64.47,50.65,66.07,80.4,70.74,B,Good,Medium Risk,Completed,4,72.55
319,Shaurya Bose,Civil Engineering,CE,8,SOM,Strength of Materials,84.15,74.35,54.19,80.11,83.67,78.26,B,Good,Low Risk,Completed,3,77.61
320,Krishna Chatterjee,Electronics & Communication,ECE,8,DSP,Digital Signal Processing,90.13,60.65,33.48,46.72,60.12,53.51,D,Needs Improvement,Medium Risk,Completed,3,61.49
320,Krishna Chatterjee,Electronics & Communication,ECE,8,VLSI,VLSI Design,79.43,81.66,61.55,78.84,85.18,80.39,A,Good,Medium Risk,Completed,5,82.16
320,Krishna Chatterjee,Electronics & Communication,ECE,8,SUR,Surveying,60.98,80.03,86.0,74.53,97.35,86.77,A,Excellent,High Risk,Completed,5,82.94
321,Kunal Verma,Electronics & Communication,ECE,8,DSP,Digital Signal Processing,92.09,82.15,46.91,73.33,94.19,81.4,A,Good,Low Risk,Completed,3,81.4
321,Kunal Verma,Electronics & Communication,ECE,8,VLSI,VLSI Design,69.07,87.16,87.5,59.6,72.09,72.14,B,Good,High Risk,Completed,4,72.31
321,Kunal Verma,Electronics & Communication,ECE,8,VLSI,VLSI Design,86.43,87.5,81.36,100.0,68.04,81.88,A,Good,Low Risk,Completed,3,80.6
322,Shaurya Bose,Civil Engineering,CE,7,SUR,Surveying,63.47,52.36,53.27,57.14,56.83,55.89,D,Average,High Risk,Completed,4,59.82
322,Shaurya Bose,Civil Engineering,CE,7,SOM,Strength of Materials,77.11,74.87,54.73,63.02,71.31,67.7,C,Average,Medium Risk,Completed,3,68.81
322,Shaurya Bose,Civil Engineering,CE,7,STAT,Business Statistics,78.31,48.3,66.15,45.12,54.22,51.79,D,Needs Improvement,Medium Risk,Completed,4,59.92
323,Tanya Das,Business Administration,BBA,3,PM,Project Management,97.31,54.33,78.53,99.06,79.95,81.7,A,Good,Low Risk,Completed,5,86.65
323,Tanya Das,Business Administration,BBA,3,RM,Research Methodology,78.32,64.78,35.84,51.6,52.29,52.31,D,Needs Improvement,Medium Risk,Completed,5,62.28
323,Tanya Das,Business Administration,BBA,3,MKT,Principles of Marketing,85.12,90.71,78.5,95.69,83.57,87.77,A,Excellent,Low Risk,Completed,4,86.46
324,Rohan Iyer,Mechanical Engineering,ME,6,EM,Engineering Mechanics,86.27,64.6,78.53,56.36,56.63,59.93,D,Average,Medium Risk,Completed,4,67.21
324,Rohan Iyer,Mechanical Engineering,ME,6,THM,Thermodynamics,75.27,79.84,61.65,68.74,88.73,78.69,B,Good,Medium Risk,Completed,5,80.14
324,Rohan Iyer,Mechanical Engineering,ME,6,DBMS,Database Management Systems,80.58,100.0,77.48,80.89,63.66,75.66,B,Good,Low Risk,Completed,5,79.08
325,Aditya Bose,Business Administration,BBA,3,MKT,Principles of Marketing,76.87,52.53,67.97,57.5,46.97,53.07,D,Needs Improvement,Medium Risk,Completed,4,60.52
325,Aditya Bose,Business Administration,BBA,3,PM,Project Management,68.53,33.73,35.71,56.76,32.22,40.16,F,Needs Improvement,High Risk,Completed,3,47.82
325,Aditya Bose,Business Administration,BBA,3,FIN,Financial Management,74.56,91.89,91.98,62.42,79.66,77.55,B,Good,Medium Risk,Completed,5,79.2
326,Nisha Nair,Mechanical Engineering,ME,3,EM,Engineering Mechanics,63.75,64.71,60.76,60.04,71.14,65.8,C,Average,High Risk,Completed,3,64.81
326,Nisha Nair,Mechanical Engineering,ME,3,THM,Thermodynamics,78.6,62.04,42.06,68.39,37.93,51.1,D,Needs Improvement,Medium Risk,Completed,4,59.49
326,Nisha Nair,Mechanical Engineering,ME,3,THM,Thermodynamics,73.08,63.25,89.36,59.54,99.2,80.93,A,Good,Medium Risk,Completed,4,79.26
327,Kabir Das,Civil Engineering,CE,8,SUR,Surveying,84.96,98.4,59.18,60.78,65.05,68.18,C,Average,Low Risk,Completed,4,72.72
327,Kabir Das,Civil Engineering,CE,8,SOM,Strength of Materials,76.5,68.23,51.11,48.07,44.87,49.96,F,Needs Improvement,High Risk,Completed,5,60.27
327,Kabir Das,Civil Engineering,CE,8,DSA,Data Structures & Algorithms,96.68,81.42,63.17,61.96,75.46,71.08,B,Good,Low Risk,Completed,5,79.09
328,Aarav Khan,Mechanical Engineering,ME,1,EM,Engineering Mechanics,72.99,49.1,65.24,69.66,47.13,56.0,D,Average,Medium Risk,Completed,4,61.8
328,Aarav Khan,Mechanical Engineering,ME,1,THM,Thermodynamics,68.1,61.34,45.03,52.52,37.31,46.25,F,Needs Improvement,High Risk,Completed,4,53.99
328,Aarav Khan,Mechanical Engineering,ME,1,PM,Project Management,72.61,69.58,71.63,62.51,54.75,60.99,C,Average,Medium Risk,Completed,5,67.22
329,Diya Das,Civil Engineering,CE,7,SUR,Surveying,77.66,74.51,100.0,50.71,70.8,68.25,C,Average,Medium Risk,Completed,4,71.31
329,Diya Das,Civil Engineering,CE,7,SOM,Strength of Materials,71.63,54.28,63.04,49.31,77.9,64.29,C,Average,Medium Risk,Completed,4,67.33
329,Diya Das,Civil Engineering,CE,7,SUR,Surveying,76.25,73.4,78.52,64.26,73.77,71.34,B,Good,Medium Risk,Completed,3,71.19
330,Ananya Jain,Computer Science & Engineering,CSE,2,ML,Introduction to Machine Learning,56.98,74.71,51.07,74.11,75.14,72.36,B,Good,High Risk,Completed,3,68.05
330,Ananya Jain,Computer Science & Engineering,CSE,2,DBMS,Database Management Systems,100.0,76.45,56.56,61.77,52.37,59.22,D,Average,Medium Risk,Completed,4,69.45
330,Ananya Jain,Computer Science & Engineering,CSE,2,CN,Computer Networks,58.13,50.18,61.65,50.95,63.59,57.59,D,Average,High Risk,Completed,3,57.94
331,Sai Singh,Mechanical Engineering,ME,1,EM,Engineering Mechanics,86.84,65.09,60.5,72.28,69.38,68.72,C,Average,Low Risk,Completed,5,75.47
331,Sai Singh,Mechanical Engineering,ME,1,THM,Thermodynamics,74.71,53.47,59.33,77.09,83.08,74.47,B,Good,Medium Risk,Completed,5,77.07
331,Sai Singh,Mechanical Engineering,ME,1,STAT,Business Statistics,86.96,32.08,59.25,46.42,59.9,51.62,D,Needs Improvement,Medium Risk,Completed,3,59.52
332,Tanya Iyer,Mechanical Engineering,ME,3,EM,Engineering Mechanics,67.88,79.37,72.08,66.76,88.19,78.82,B,Good,High Risk,Completed,5,78.75
332,Tanya Iyer,Mechanical Engineering,ME,3,THM,Thermodynamics,85.65,100.0,98.79,100.0,94.89,97.58,A+,Excellent,Low Risk,Completed,4,93.44
332,Tanya Iyer,Mechanical Engineering,ME,3,PM,Project Management,75.38,77.67,75.75,87.54,66.66,75.48,B,Good,Medium Risk,Completed,4,75.91
333,Saanvi Sharma,Civil Engineering,CE,2,SUR,Surveying,95.77,100.0,93.24,98.48,100.0,98.87,A+,Excellent,Low Risk,Completed,5,98.36
333,Saanvi Sharma,Civil Engineering,CE,2,SOM,Strength of Materials,62.63,61.68,43.26,41.19,34.53,41.47,F,Needs Improvement,High Risk,Completed,4,49.56
333,Saanvi Sharma,Civil Engineering,CE,2,THM,Thermodynamics,97.88,54.95,52.48,61.64,67.72,62.46,C,Average,Low Risk,Completed,5,73.3
334,Ira Sen,Computer Science & Engineering,CSE,7,ML,Introduction to Machine Learning,76.01,81.9,92.11,79.08,85.82,83.84,A,Good,Medium Risk,Completed,4,81.89
334,Ira Sen,Computer Science & Engineering,CSE,7,DBMS,Database Management Systems,63.92,88.57,76.62,89.2,91.75,88.99,A,Excellent,High Risk,Completed,5,85.08
334,Ira Sen,Computer Science & Engineering,CSE,7,CN,Computer Networks,96.39,100.0,89.74,88.6,99.72,95.42,A+,Excellent,Low Risk,Completed,5,96.07
335,Arjun Sharma,Computer Science & Engineering,CSE,4,ML,Introduction to Machine Learning,83.38,67.94,56.04,82.49,69.95,72.02,B,Good,Low Risk,Completed,5,77.09
335,Arjun Sharma,Computer Science & Engineering,CSE,4,DBMS,Database Management Systems,70.92,52.82,64.14,56.89,57.22,57.15,D,Average,Medium Risk,Completed,3,60.19
335,Arjun Sharma,Computer Science & Engineering,CSE,4,DSA,Data Structures & Algorithms,80.73,44.48,49.73,63.63,47.33,52.03,D,Needs Improvement,Medium Risk,Completed,5,62.57
336,Sneha Verma,Civil Engineering,CE,8,SUR,Surveying,66.93,77.36,57.26,78.08,96.88,84.35,A,Good,High Risk,Completed,4,80.43
336,Sneha Verma,Civil Engineering,CE,8,SOM,Strength of Materials,65.77,85.51,68.87,77.66,77.42,77.85,B,Good,High Risk,Completed,3,73.65
336,Sneha Verma,Civil Engineering,CE,8,MKT,Principles of Marketing,87.19,62.15,68.76,61.73,60.88,62.12,C,Average,Low Risk,Completed,3,66.92
337,Rohan Nair,Computer Science & Engineering,CSE,4,DBMS,Database Management Systems,79.14,88.29,75.0,85.65,76.93,81.06,A,Good,Medium Risk,Completed,4,80.57
337,Rohan Nair,Computer Science & Engineering,CSE,4,DSA,Data Structures & Algorithms,82.62,64.01,66.79,71.14,93.67,79.78,B,Good,Low Risk,Completed,3,78.37
337,Rohan Nair,Computer Science & Engineering,CSE,4,CN,Computer Networks,73.24,72.75,98.63,94.52,100.0,94.13,A+,Excellent,Medium Risk,Completed,5,90.54
338,Myra Sharma,Electronics & Communication,ECE,6,DSP,Digital Signal Processing,90.04,95.15,98.83,100.0,88.37,93.92,A+,Excellent,Low Risk,Completed,4,91.75
338,Myra Sharma,Electronics & Communication,ECE,6,VLSI,VLSI Design,58.29,69.67,43.66,68.88,79.68,71.33,B,Good,High Risk,Completed,4,69.59
338,Myra Sharma,Electronics & Communication,ECE,6,DSP,Digital Signal Processing,69.02,100.0,98.23,73.25,100.0,91.8,A+,Excellent,High Risk,Completed,4,86.06
339,Myra Singh,Electronics & Communication,ECE,2,DSP,Digital Signal Processing,64.03,59.27,57.94,62.6,58.9,59.97,D,Average,High Risk,Completed,4,62.78
339,Myra Singh,Electronics & Communication,ECE,2,VLSI,VLSI Design,59.81,65.85,36.94,71.24,56.6,60.41,C,Average,High Risk,Completed,4,62.25
339,Myra Singh,Electronics & Communication,ECE,2,SOM,Strength of Materials,73.35,98.38,80.57,100.0,84.39,90.79,A+,Excellent,Medium Risk,Completed,3,84.22
340,Ira Nair,Business Administration,BBA,1,STAT,Business Statistics,77.13,71.83,72.51,79.76,97.35,85.76,A,Excellent,Medium Risk,Completed,3,81.46
340,Ira Nair,Business Administration,BBA,1,MKT,Principles of Marketing,86.3,74.21,86.0,71.46,71.06,73.15,B,Good,Low Risk,Completed,4,76.46
340,Ira Nair,Business Administration,BBA,1,PM,Project Management,76.31,78.35,63.36,66.47,67.86,68.56,C,Average,Medium Risk,Completed,5,73.26
341,Kiara Sharma,Civil Engineering,CE,7,SUR,Surveying,77.0,33.69,15.0,36.75,40.06,35.61,F,Critical,High Risk,Incomplete,4,48.32
341,Kiara Sharma,Civil Engineering,CE,7,SOM,Strength of Materials,87.94,32.8,46.42,48.33,30.66,37.86,F,Critical,High Risk,Incomplete,4,52.09
341,Kiara Sharma,Civil Engineering,CE,7,RM,Research Methodology,58.45,79.05,56.07,57.97,63.54,63.45,C,Average,High Risk,Completed,4,64.11
342,Neha Sharma,Mechanical Engineering,ME,6,EM,Engineering Mechanics,85.36,57.92,60.4,70.04,95.09,78.53,B,Good,Low Risk,Completed,4,80.04
342,Neha Sharma,Mechanical Engineering,ME,6,THM,Thermodynamics,82.73,80.19,80.06,83.17,93.27,86.96,A,Excellent,Low Risk,Completed,5,87.41
342,Neha Sharma,Mechanical Engineering,ME,6,DSP,Digital Signal Processing,92.65,66.67,69.34,68.35,81.09,73.93,B,Good,Low Risk,Completed,4,78.28
343,Priya Verma,Computer Science & Engineering,CSE,6,ML,Introduction to Machine Learning,72.27,81.19,87.0,58.04,100.0,83.29,A,Good,Medium Risk,Completed,4,80.76
343,Priya Verma,Computer Science & Engineering,CSE,6,DBMS,Database Management Systems,77.21,48.03,44.72,58.6,57.67,55.21,D,Average,Medium Risk,Completed,4,62.09
343,Priya Verma,Computer Science & Engineering,CSE,6,CN,Computer Networks,79.93,95.16,57.65,78.94,79.18,79.35,B,Good,Medium Risk,Completed,5,81.53
344,Diya Nair,Electronics & Communication,ECE,6,DSP,Digital Signal Processing,60.74,63.44,63.25,78.26,47.63,60.75,C,Average,High Risk,Completed,5,64.67
344,Diya Nair,Electronics & Communication,ECE,6,VLSI,VLSI Design,80.9,85.09,91.12,98.15,100.0,96.32,A+,Excellent,Low Risk,Completed,4,91.61
344,Diya Nair,Electronics & Communication,ECE,6,DBMS,Database Management Systems,72.21,73.27,100.0,65.64,89.21,80.83,A,Good,Medium Risk,Completed,5,81.02
345,Priya Roy,Electronics & Communication,ECE,8,DSP,Digital Signal Processing,68.77,71.28,69.25,73.62,80.8,76.06,B,Good,High Risk,Completed,3,73.0
345,Priya Roy,Electronics & Communication,ECE,8,VLSI,VLSI Design,86.1,99.52,82.71,100.0,90.17,93.77,A+,Excellent,Low Risk,Completed,4,90.86
345,Priya Roy,Electronics & Communication,ECE,8,RM,Research Methodology,68.02,67.68,53.48,51.41,54.08,55.26,D,Average,High Risk,Completed,4,60.29
346,Reyansh Bose,Civil Engineering,CE,3,SUR,Surveying,77.46,64.6,39.44,48.27,69.49,59.38,D,Average,Medium Risk,Completed,3,63.06
346,Reyansh Bose,Civil Engineering,CE,3,SOM,Strength of Materials,91.95,91.87,100.0,83.77,93.47,90.97,A+,Excellent,Low Risk,Completed,4,90.07
346,Reyansh Bose,Civil Engineering,CE,3,MKT,Principles of Marketing,100.0,98.12,100.0,100.0,97.23,98.47,A+,Excellent,Low Risk,Completed,4,96.93
347,Ayaan Sharma,Computer Science & Engineering,CSE,4,CN,Computer Networks,82.67,84.32,70.48,63.59,86.32,77.62,B,Good,Low Risk,Completed,5,80.87
347,Ayaan Sharma,Computer Science & Engineering,CSE,4,DBMS,Database Management Systems,93.88,62.25,54.63,68.55,69.3,66.55,C,Average,Low Risk,Completed,5,75.36
347,Ayaan Sharma,Computer Science & Engineering,CSE,4,DSA,Data Structures & Algorithms,92.01,82.37,60.23,76.45,51.02,64.27,C,Average,Low Risk,Completed,5,73.39
348,Tanya Nair,Computer Science & Engineering,CSE,8,ML,Introduction to Machine Learning,90.9,84.41,47.12,77.51,78.06,75.75,B,Good,Low Risk,Completed,3,77.21
348,Tanya Nair,Computer Science & Engineering,CSE,8,DSA,Data Structures & Algorithms,76.07,65.22,58.76,65.6,87.92,74.9,B,Good,Medium Risk,Completed,4,75.65
348,Tanya Nair,Computer Science & Engineering,CSE,8,CN,Computer Networks,74.32,69.21,69.3,32.33,79.08,62.6,C,Average,Medium Risk,Completed,5,68.68
349,Priya Roy,Mechanical Engineering,ME,4,EM,Engineering Mechanics,68.01,54.9,48.33,61.86,37.04,48.29,F,Needs Improvement,High Risk,Completed,3,53.41
349,Priya Roy,Mechanical Engineering,ME,4,THM,Thermodynamics,74.04,100.0,92.73,70.57,99.09,90.04,A+,Excellent,Medium Risk,Completed,4,85.83
349,Priya Roy,Mechanical Engineering,ME,4,DBMS,Database Management Systems,81.47,71.28,73.03,79.5,72.43,74.44,B,Good,Low Risk,Completed,3,74.4
350,Meera Bose,Mechanical Engineering,ME,1,EM,Engineering Mechanics,100.0,73.56,92.75,81.67,70.22,76.41,B,Good,Low Risk,Completed,4,81.48
350,Meera Bose,Mechanical Engineering,ME,1,THM,Thermodynamics,62.54,71.74,84.09,64.96,77.5,73.54,B,Good,High Risk,Completed,5,73.98
350,Meera Bose,Mechanical Engineering,ME,1,VLSI,VLSI Design,73.52,50.9,49.22,46.92,51.28,49.71,F,Needs Improvement,High Risk,Completed,5,59.5
351,Arjun Bose,Mechanical Engineering,ME,6,EM,Engineering Mechanics,79.29,55.99,73.16,75.44,72.38,70.92,B,Good,Medium Risk,Completed,4,73.5
351,Arjun Bose,Mechanical Engineering,ME,6,THM,Thermodynamics,67.58,88.66,58.11,76.53,82.94,79.39,B,Good,High Risk,Completed,4,77.09
351,Arjun Bose,Mechanical Engineering,ME,6,DSP,Digital Signal Processing,89.88,100.0,76.82,70.31,79.39,79.5,B,Good,Low Risk,Completed,4,81.63
352,Aadhya Sen,Civil Engineering,CE,8,SUR,Surveying,76.19,53.61,76.34,94.39,79.27,79.67,B,Good,Medium Risk,Completed,4,79.0
352,Aadhya Sen,Civil Engineering,CE,8,SOM,Strength of Materials,85.21,88.19,81.61,75.43,70.32,75.66,B,Good,Low Risk,Completed,4,78.0
352,Aadhya Sen,Civil Engineering,CE,8,PM,Project Management,77.52,78.91,79.04,84.93,92.16,86.69,A,Excellent,Medium Risk,Completed,4,84.19
353,Reyansh Iyer,Civil Engineering,CE,8,SUR,Surveying,73.72,56.75,32.28,71.58,59.02,59.77,D,Average,Medium Risk,Completed,4,64.58
353,Reyansh Iyer,Civil Engineering,CE,8,SOM,Strength of Materials,76.65,94.13,85.07,86.36,80.12,84.59,A,Good,Medium Risk,Completed,5,84.54
353,Reyansh Iyer,Civil Engineering,CE,8,VLSI,VLSI Design,86.18,48.74,79.65,79.07,69.66,70.35,B,Good,Low Risk,Completed,4,74.48
354,Sneha Nair,Mechanical Engineering,ME,5,EM,Engineering Mechanics,100.0,59.17,84.18,66.77,77.56,72.23,B,Good,Low Risk,Completed,4,78.56
354,Sneha Nair,Mechanical Engineering,ME,5,THM,Thermodynamics,78.97,55.52,77.21,47.12,74.34,63.64,C,Average,Medium Risk,Completed,4,68.34
354,Sneha Nair,Mechanical Engineering,ME,5,PM,Project Management,79.49,42.38,56.43,42.3,64.48,53.71,D,Needs Improvement,Medium Risk,Completed,3,59.49
355,Saanvi Mehta,Computer Science & Engineering,CSE,3,CN,Computer Networks,81.97,58.86,63.89,49.94,75.16,64.02,C,Average,Low Risk,Completed,5,71.21
355,Saanvi Mehta,Computer Science & Engineering,CSE,3,DBMS,Database Management Systems,85.59,100.0,74.63,100.0,100.0,97.46,A+,Excellent,Low Risk,Completed,4,93.34
355,Saanvi Mehta,Computer Science & Engineering,CSE,3,DSA,Data Structures & Algorithms,80.13,82.27,90.55,75.15,100.0,88.94,A,Excellent,Low Risk,Completed,3,84.28
356,Aditya Gupta,Business Administration,BBA,5,STAT,Business Statistics,68.63,66.99,50.0,44.57,53.13,52.33,D,Needs Improvement,High Risk,Completed,4,58.36
356,Aditya Gupta,Business Administration,BBA,5,PM,Project Management,65.93,78.94,45.5,54.27,54.42,57.16,D,Average,High Risk,Completed,4,61.2
356,Aditya Gupta,Business Administration,BBA,5,MKT,Principles of Marketing,90.82,76.4,62.62,93.48,79.31,81.45,A,Good,Low Risk,Completed,5,85.18
357,Saanvi Sen,Mechanical Engineering,ME,7,EM,Engineering Mechanics,77.1,64.24,38.81,42.57,49.6,48.61,F,Needs Improvement,High Risk,Completed,4,57.45
357,Saanvi Sen,Mechanical Engineering,ME,7,THM,Thermodynamics,75.95,61.98,81.0,73.33,72.26,71.91,B,Good,Medium Risk,Completed,5,75.53
357,Saanvi Sen,Mechanical Engineering,ME,7,THM,Thermodynamics,71.69,62.8,66.85,57.18,63.82,61.98,C,Average,Medium Risk,Completed,4,65.72
358,Sara Gupta,Electronics & Communication,ECE,8,DSP,Digital Signal Processing,56.85,95.7,100.0,98.83,100.0,99.01,A+,Excellent,High Risk,Completed,4,88.67
358,Sara Gupta,Electronics & Communication,ECE,8,VLSI,VLSI Design,56.14,66.05,52.68,55.19,59.0,58.28,D,Average,High Risk,Completed,5,62.03
358,Sara Gupta,Electronics & Communication,ECE,8,FIN,Financial Management,86.85,93.35,81.87,100.0,100.0,97.19,A+,Excellent,Low Risk,Completed,4,93.4
359,Ishaan Roy,Computer Science & Engineering,CSE,1,ML,Introduction to Machine Learning,81.56,53.31,22.42,45.39,49.87,46.3,F,Needs Improvement,High Risk,Completed,4,56.72
359,Ishaan Roy,Computer Science & Engineering,CSE,1,CN,Computer Networks,88.45,58.48,42.69,39.97,78.64,60.42,C,Average,Low Risk,Completed,4,67.98
359,Ishaan Roy,Computer Science & Engineering,CSE,1,DSA,Data Structures & Algorithms,75.79,67.77,58.15,68.31,48.61,58.35,D,Average,Medium Risk,Completed,3,62.0
360,Aarav Singh,Computer Science & Engineering,CSE,8,CN,Computer Networks,85.43,67.87,75.81,83.11,81.97,79.58,B,Good,Low Risk,Completed,4,80.79
360,Aarav Singh,Computer Science & Engineering,CSE,8,DSA,Data Structures & Algorithms,70.22,79.54,90.3,75.91,96.15,87.0,A,Excellent,Medium Risk,Completed,3,80.94
360,Aarav Singh,Computer Science & Engineering,CSE,8,DBMS,Database Management Systems,86.06,60.79,71.92,57.98,48.73,55.63,D,Average,Medium Risk,Completed,4,64.16
361,Priya Roy,Computer Science & Engineering,CSE,6,DSA,Data Structures & Algorithms,65.4,63.33,62.08,57.6,33.95,48.27,F,Needs Improvement,High Risk,Completed,4,54.87
361,Priya Roy,Computer Science & Engineering,CSE,6,DBMS,Database Management Systems,89.12,51.46,42.27,57.63,50.62,52.01,D,Needs Improvement,Medium Risk,Completed,5,64.23
361,Priya Roy,Computer Science & Engineering,CSE,6,ML,Introduction to Machine Learning,64.42,41.65,60.81,57.0,47.04,50.6,D,Needs Improvement,High Risk,Completed,5,58.3
362,Anika Sharma,Mechanical Engineering,ME,3,EM,Engineering Mechanics,81.16,93.65,85.96,70.96,68.54,74.77,B,Good,Low Risk,Completed,5,78.57
362,Anika Sharma,Mechanical Engineering,ME,3,THM,Thermodynamics,82.55,68.29,82.05,68.45,76.53,73.42,B,Good,Low Risk,Completed,5,77.91
362,Anika Sharma,Mechanical Engineering,ME,3,EM,Engineering Mechanics,62.84,53.54,74.0,66.87,63.52,64.08,C,Average,High Risk,Completed,4,65.42
363,Diya Iyer,Civil Engineering,CE,2,SUR,Surveying,72.56,80.88,67.05,67.95,71.17,71.25,B,Good,Medium Risk,Completed,4,72.39
363,Diya Iyer,Civil Engineering,CE,2,SOM,Strength of Materials,82.25,34.53,59.72,67.11,90.47,72.0,B,Good,Low Risk,Completed,3,72.85
363,Diya Iyer,Civil Engineering,CE,2,VLSI,VLSI Design,95.3,60.82,76.68,65.13,68.9,67.33,C,Average,Low Risk,Completed,3,72.19
364,Ananya Roy,Business Administration,BBA,5,FIN,Financial Management,100.0,71.66,74.44,68.63,44.94,59.01,D,Average,Medium Risk,Completed,4,69.3
364,Ananya Roy,Business Administration,BBA,5,STAT,Business Statistics,73.78,94.53,91.33,100.0,80.86,89.7,A,Excellent,Medium Risk,Completed,3,83.55
364,Ananya Roy,Business Administration,BBA,5,PM,Project Management,93.57,49.38,40.84,68.64,63.35,60.59,C,Average,Low Risk,Completed,4,69.13
365,Aarav Sen,Electronics & Communication,ECE,3,DSP,Digital Signal Processing,76.52,64.61,100.0,72.37,71.64,73.64,B,Good,Medium Risk,Completed,5,76.85
365,Aarav Sen,Electronics & Communication,ECE,3,VLSI,VLSI Design,78.54,72.21,78.39,63.72,86.63,76.77,B,Good,Medium Risk,Completed,3,75.44
365,Aarav Sen,Electronics & Communication,ECE,3,DSA,Data Structures & Algorithms,73.25,94.84,80.82,73.72,90.07,84.96,A,Good,Medium Risk,Completed,5,84.12
366,Aadhya Jain,Civil Engineering,CE,2,SUR,Surveying,71.09,74.86,77.65,79.25,89.7,83.13,A,Good,Medium Risk,Completed,3,78.41
366,Aadhya Jain,Civil Engineering,CE,2,SOM,Strength of Materials,77.82,67.63,65.1,73.65,33.8,53.96,D,Needs Improvement,Medium Risk,Completed,4,61.34
366,Aadhya Jain,Civil Engineering,CE,2,SUR,Surveying,83.44,53.43,56.91,78.46,74.42,70.73,B,Good,Low Risk,Completed,5,76.2
367,Ishaan Sen,Mechanical Engineering,ME,8,EM,Engineering Mechanics,84.35,63.66,61.65,70.51,59.84,63.79,C,Average,Low Risk,Completed,5,71.53
367,Ishaan Sen,Mechanical Engineering,ME,8,THM,Thermodynamics,85.84,84.63,80.46,54.58,76.42,71.5,B,Good,Low Risk,Completed,5,77.22
367,Ishaan Sen,Mechanical Engineering,ME,8,STAT,Business Statistics,70.79,76.13,92.64,74.32,80.11,79.03,B,Good,Medium Risk,Completed,5,79.48
368,Shaurya Sen,Electronics & Communication,ECE,8,DSP,Digital Signal Processing,72.63,62.65,73.42,56.76,69.46,65.02,C,Average,Medium Risk,Completed,4,68.04
368,Shaurya Sen,Electronics & Communication,ECE,8,VLSI,VLSI Design,89.48,80.45,99.73,84.3,73.76,80.52,A,Good,Low Risk,Completed,4,82.26
368,Shaurya Sen,Electronics & Communication,ECE,8,SOM,Strength of Materials,84.76,89.38,100.0,73.51,74.83,79.14,B,Good,Low Risk,Completed,3,78.35
369,Sai Mehta,Electronics & Communication,ECE,2,DSP,Digital Signal Processing,82.47,91.9,77.39,72.03,77.49,78.0,B,Good,Low Risk,Completed,4,79.1
369,Sai Mehta,Electronics & Communication,ECE,2,VLSI,VLSI Design,100.0,57.14,52.46,58.71,61.45,59.08,D,Average,Medium Risk,Completed,4,69.36
369,Sai Mehta,Electronics & Communication,ECE,2,DSA,Data Structures & Algorithms,84.63,68.28,52.71,80.03,68.95,70.55,B,Good,Low Risk,Completed,5,76.31
370,Nisha Sen,Civil Engineering,CE,8,SUR,Surveying,83.23,91.87,96.42,80.73,90.35,88.3,A,Excellent,Low Risk,Completed,4,86.46
370,Nisha Sen,Civil Engineering,CE,8,SOM,Strength of Materials,100.0,46.45,42.95,74.98,70.09,65.3,C,Average,Low Risk,Completed,3,71.71
370,Nisha Sen,Civil Engineering,CE,8,ML,Introduction to Machine Learning,95.99,78.98,100.0,60.32,88.61,79.82,B,Good,Low Risk,Completed,5,85.07
371,Rahul Patel,Computer Science & Engineering,CSE,5,ML,Introduction to Machine Learning,79.88,79.79,86.03,91.67,90.93,88.99,A,Excellent,Medium Risk,Completed,5,88.27
371,Rahul Patel,Computer Science & Engineering,CSE,5,CN,Computer Networks,75.52,50.37,53.14,70.94,62.07,62.08,C,Average,Medium Risk,Completed,5,68.56
371,Rahul Patel,Computer Science & Engineering,CSE,5,DSA,Data Structures & Algorithms,81.01,75.38,64.67,73.68,88.85,79.86,B,Good,Low Risk,Completed,4,80.11
372,Reyansh Sen,Mechanical Engineering,ME,3,EM,Engineering Mechanics,69.04,57.98,61.36,75.61,47.39,58.84,D,Average,High Risk,Completed,4,63.0
372,Reyansh Sen,Mechanical Engineering,ME,3,THM,Thermodynamics,61.97,65.4,63.57,64.98,77.03,70.32,B,Good,High Risk,Completed,4,69.62
372,Reyansh Sen,Mechanical Engineering,ME,3,RM,Research Methodology,83.08,82.57,83.01,44.19,73.26,66.91,C,Average,Low Risk,Completed,4,71.45
373,Krishna Patel,Mechanical Engineering,ME,4,EM,Engineering Mechanics,76.35,75.04,73.68,67.49,64.11,67.72,C,Average,Medium Risk,Completed,4,70.67
373,Krishna Patel,Mechanical Engineering,ME,4,THM,Thermodynamics,86.5,83.34,66.88,77.93,87.36,81.88,A,Good,Low Risk,Completed,5,84.62
373,Krishna Patel,Mechanical Engineering,ME,4,SUR,Surveying,77.66,73.21,55.5,69.16,81.23,73.83,B,Good,Medium Risk,Completed,4,75.22
374,Sneha Iyer,Electronics & Communication,ECE,1,DSP,Digital Signal Processing,81.59,60.51,75.2,67.9,66.45,66.87,C,Average,Low Risk,Completed,4,71.13
374,Sneha Iyer,Electronics & Communication,ECE,1,VLSI,VLSI Design,75.39,77.83,64.5,88.77,89.83,85.18,A,Excellent,Medium Risk,Completed,3,80.7
374,Sneha Iyer,Electronics & Communication,ECE,1,CN,Computer Networks,73.64,69.57,94.87,69.45,78.16,75.93,B,Good,Medium Risk,Completed,4,75.88
375,Anika Gupta,Mechanical Engineering,ME,8,EM,Engineering Mechanics,69.29,47.93,47.36,28.64,67.53,50.91,D,Needs Improvement,High Risk,Completed,5,59.49
375,Anika Gupta,Mechanical Engineering,ME,8,THM,Thermodynamics,66.16,67.35,66.27,62.58,85.1,73.8,B,Good,High Risk,Completed,5,74.89
375,Anika Gupta,Mechanical Engineering,ME,8,SUR,Surveying,84.76,73.4,78.97,89.65,48.31,67.54,C,Average,Low Risk,Completed,5,74.23
376,Shaurya Khan,Business Administration,BBA,8,FIN,Financial Management,73.31,71.02,58.76,72.14,52.91,61.98,C,Average,Medium Risk,Completed,4,66.05
376,Shaurya Khan,Business Administration,BBA,8,MKT,Principles of Marketing,82.21,88.84,91.13,100.0,68.56,83.29,A,Good,Low Risk,Completed,4,82.75
376,Shaurya Khan,Business Administration,BBA,8,RM,Research Methodology,81.09,79.38,52.45,57.64,46.56,55.4,D,Average,Medium Risk,Completed,4,62.99
377,Aditya Singh,Business Administration,BBA,6,RM,Research Methodology,81.67,74.56,80.14,71.6,75.46,74.64,B,Good,Low Risk,Completed,4,76.58
377,Aditya Singh,Business Administration,BBA,6,PM,Project Management,88.59,57.2,56.94,54.85,68.19,61.41,C,Average,Low Risk,Completed,5,70.71
377,Aditya Singh,Business Administration,BBA,6,STAT,Business Statistics,86.37,73.9,80.53,72.3,77.05,75.5,B,Good,Low Risk,Completed,4,78.12
378,Sai Jain,Computer Science & Engineering,CSE,3,CN,Computer Networks,72.12,71.19,80.24,79.4,52.43,66.12,C,Average,Medium Risk,Completed,5,70.71
378,Sai Jain,Computer Science & Engineering,CSE,3,DSA,Data Structures & Algorithms,85.32,59.12,67.89,71.63,51.37,60.26,C,Average,Low Risk,Completed,4,67.25
378,Sai Jain,Computer Science & Engineering,CSE,3,ML,Introduction to Machine Learning,81.16,100.0,83.87,97.5,62.53,80.77,A,Good,Low Risk,Completed,5,82.77
379,Riya Jain,Electronics & Communication,ECE,1,DSP,Digital Signal Processing,80.38,70.22,91.4,74.06,96.28,85.22,A,Excellent,Low Risk,Completed,4,83.73
379,Riya Jain,Electronics & Communication,ECE,1,VLSI,VLSI Design,89.18,68.76,70.41,60.8,44.72,55.72,D,Average,Medium Risk,Completed,5,66.84
379,Riya Jain,Electronics & Communication,ECE,1,EM,Engineering Mechanics,65.52,82.28,91.95,68.3,95.66,85.08,A,Excellent,High Risk,Completed,4,80.66
380,Reyansh Gupta,Computer Science & Engineering,CSE,4,DSA,Data Structures & Algorithms,72.87,83.81,56.07,75.52,61.72,68.61,C,Average,Medium Risk,Completed,4,70.6
380,Reyansh Gupta,Computer Science & Engineering,CSE,4,CN,Computer Networks,78.42,80.32,95.96,100.0,93.1,93.54,A+,Excellent,Medium Risk,Completed,4,89.16
380,Reyansh Gupta,Computer Science & Engineering,CSE,4,DBMS,Database Management Systems,79.7,69.08,52.02,73.83,67.9,68.27,C,Average,Medium Risk,Completed,3,69.73
381,Nisha Chatterjee,Mechanical Engineering,ME,2,EM,Engineering Mechanics,72.95,60.12,81.52,63.47,51.76,59.51,D,Average,Medium Risk,Completed,4,64.25
381,Nisha Chatterjee,Mechanical Engineering,ME,2,THM,Thermodynamics,82.49,73.58,80.29,67.51,88.44,79.12,B,Good,Low Risk,Completed,5,81.88
381,Nisha Chatterjee,Mechanical Engineering,ME,2,SUR,Surveying,100.0,66.78,51.49,81.69,89.44,79.92,B,Good,Low Risk,Completed,4,83.95
382,Rohan Nair,Mechanical Engineering,ME,5,EM,Engineering Mechanics,77.19,73.1,79.29,72.23,68.18,71.24,B,Good,Medium Risk,Completed,5,75.31
382,Rohan Nair,Mechanical Engineering,ME,5,THM,Thermodynamics,89.63,65.37,71.42,67.0,68.58,67.9,C,Average,Low Risk,Completed,4,73.46
382,Rohan Nair,Mechanical Engineering,ME,5,CN,Computer Networks,75.58,80.74,100.0,98.89,60.52,79.01,B,Good,Medium Risk,Completed,4,78.42
383,Shaurya Verma,Electronics & Communication,ECE,2,DSP,Digital Signal Processing,66.58,20.0,46.61,37.69,51.97,42.36,F,Needs Improvement,High Risk,Completed,3,48.97
383,Shaurya Verma,Electronics & Communication,ECE,2,VLSI,VLSI Design,76.03,88.01,87.93,81.63,70.08,78.02,B,Good,Medium Risk,Completed,5,79.82
383,Shaurya Verma,Electronics & Communication,ECE,2,MKT,Principles of Marketing,62.61,52.53,78.41,51.14,52.16,54.54,D,Needs Improvement,High Risk,Completed,3,56.7
384,Kunal Verma,Business Administration,BBA,6,FIN,Financial Management,91.57,91.24,73.8,75.58,68.83,74.71,B,Good,Low Risk,Completed,4,78.62
384,Kunal Verma,Business Administration,BBA,6,PM,Project Management,65.89,54.8,51.17,53.12,65.63,58.81,D,Average,High Risk,Completed,4,62.34
384,Kunal Verma,Business Administration,BBA,6,MKT,Principles of Marketing,81.21,58.63,67.81,70.2,51.51,59.81,D,Average,Medium Risk,Completed,5,68.11
385,Vivaan Roy,Business Administration,BBA,5,MKT,Principles of Marketing,79.0,73.07,70.53,61.8,58.07,62.69,C,Average,Medium Risk,Completed,5,69.68
385,Vivaan Roy,Business Administration,BBA,5,PM,Project Management,75.27,72.15,53.23,81.79,80.1,76.73,B,Good,Medium Risk,Completed,5,78.76
385,Vivaan Roy,Business Administration,BBA,5,RM,Research Methodology,94.12,69.34,87.97,70.49,86.64,79.33,B,Good,Low Risk,Completed,3,80.36
386,Anika Khan,Electronics & Communication,ECE,1,DSP,Digital Signal Processing,60.66,72.15,78.11,69.09,63.22,67.81,C,Average,High Risk,Completed,5,69.6
386,Anika Khan,Electronics & Communication,ECE,1,VLSI,VLSI Design,74.88,71.18,100.0,83.45,85.71,84.28,A,Good,Medium Risk,Completed,4,81.97
386,Anika Khan,Electronics & Communication,ECE,1,STAT,Business Statistics,56.4,67.21,66.23,53.37,61.11,60.22,C,Average,High Risk,Completed,3,59.43
387,Rohan Nair,Civil Engineering,CE,5,SUR,Surveying,88.1,82.61,74.52,60.94,49.36,60.34,C,Average,Low Risk,Completed,3,65.86
387,Rohan Nair,Civil Engineering,CE,5,SOM,Strength of Materials,68.37,55.17,42.6,60.5,54.98,55.43,D,Average,High Risk,Completed,4,60.48
387,Rohan Nair,Civil Engineering,CE,5,PM,Project Management,70.66,89.87,83.52,82.01,97.31,90.22,A+,Excellent,Medium Risk,Completed,5,87.29
388,Krishna Bose,Mechanical Engineering,ME,7,EM,Engineering Mechanics,76.13,63.45,55.37,67.08,65.02,64.44,C,Average,Medium Risk,Completed,5,70.33
388,Krishna Bose,Mechanical Engineering,ME,7,THM,Thermodynamics,75.47,44.55,58.89,35.85,58.79,49.78,F,Needs Improvement,High Risk,Completed,4,57.94
388,Krishna Bose,Mechanical Engineering,ME,7,THM,Thermodynamics,63.95,58.54,74.2,62.91,71.72,67.35,C,Average,High Risk,Completed,5,69.93
389,Aditya Sen,Mechanical Engineering,ME,1,EM,Engineering Mechanics,74.98,79.84,66.63,69.62,57.93,65.59,C,Average,Medium Risk,Completed,5,70.91
389,Aditya Sen,Mechanical Engineering,ME,1,THM,Thermodynamics,80.99,57.01,70.6,58.99,66.67,63.31,C,Average,Low Risk,Completed,5,70.51
389,Aditya Sen,Mechanical Engineering,ME,1,THM,Thermodynamics,81.49,63.81,100.0,100.0,91.16,90.59,A+,Excellent,Low Risk,Completed,3,85.71
390,Myra Iyer,Electronics & Communication,ECE,8,DSP,Digital Signal Processing,74.32,83.28,71.79,62.01,65.99,67.97,C,Average,Medium Risk,Completed,5,72.44
390,Myra Iyer,Electronics & Communication,ECE,8,VLSI,VLSI Design,98.74,98.77,86.17,55.54,95.77,83.19,A,Good,Low Risk,Completed,4,85.98
390,Myra Iyer,Electronics & Communication,ECE,8,THM,Thermodynamics,80.84,60.42,78.37,80.63,82.87,78.38,B,Good,Low Risk,Completed,5,81.03
391,Saanvi Singh,Electronics & Communication,ECE,6,DSP,Digital Signal Processing,77.2,78.54,78.34,80.43,92.23,85.25,A,Excellent,Medium Risk,Completed,4,83.11
391,Saanvi Singh,Electronics & Communication,ECE,6,VLSI,VLSI Design,100.0,97.72,48.89,100.0,91.44,90.7,A+,Excellent,Low Risk,Completed,3,89.49
391,Saanvi Singh,Electronics & Communication,ECE,6,VLSI,VLSI Design,74.67,73.34,46.51,55.36,72.34,64.81,C,Average,Medium Risk,Completed,4,68.3
392,Meera Gupta,Mechanical Engineering,ME,7,EM,Engineering Mechanics,73.52,69.92,71.62,82.34,98.52,86.69,A,Excellent,Medium Risk,Completed,3,81.38
392,Meera Gupta,Mechanical Engineering,ME,7,THM,Thermodynamics,66.2,52.83,78.95,75.34,75.74,72.51,B,Good,High Risk,Completed,5,73.99
392,Meera Gupta,Mechanical Engineering,ME,7,FIN,Financial Management,74.64,88.1,61.28,74.33,67.32,71.94,B,Good,Medium Risk,Completed,3,71.28
393,Diya Nair,Electronics & Communication,ECE,2,DSP,Digital Signal Processing,69.79,58.03,54.92,57.52,36.62,47.93,F,Needs Improvement,High Risk,Completed,5,57.51
393,Diya Nair,Electronics & Communication,ECE,2,VLSI,VLSI Design,80.04,60.32,56.33,75.15,52.96,61.06,C,Average,Low Risk,Completed,3,64.75
393,Diya Nair,Electronics & Communication,ECE,2,STAT,Business Statistics,76.04,100.0,78.36,67.74,60.57,70.41,B,Good,Medium Risk,Completed,3,70.5
394,Sara Patel,Mechanical Engineering,ME,5,EM,Engineering Mechanics,78.93,73.97,71.16,62.22,56.82,62.45,C,Average,Medium Risk,Completed,4,67.5
394,Sara Patel,Mechanical Engineering,ME,5,THM,Thermodynamics,96.06,63.88,62.74,41.4,64.43,57.27,D,Average,Medium Risk,Completed,5,69.3
394,Sara Patel,Mechanical Engineering,ME,5,CN,Computer Networks,70.19,67.11,39.47,70.82,53.8,59.47,D,Average,Medium Risk,Completed,4,63.67
395,Sai Patel,Civil Engineering,CE,1,SUR,Surveying,81.35,83.11,65.89,49.01,73.14,66.67,C,Average,Low Risk,Completed,4,70.94
395,Sai Patel,Civil Engineering,CE,1,SOM,Strength of Materials,91.04,59.06,74.44,98.88,91.31,87.06,A,Excellent,Low Risk,Completed,3,85.15
395,Sai Patel,Civil Engineering,CE,1,CN,Computer Networks,59.57,63.51,88.93,73.25,91.68,81.65,A,Good,High Risk,Completed,5,79.07
396,Meera Verma,Mechanical Engineering,ME,7,EM,Engineering Mechanics,100.0,88.1,80.08,95.69,100.0,94.93,A+,Excellent,Low Risk,Completed,4,94.45
396,Meera Verma,Mechanical Engineering,ME,7,THM,Thermodynamics,79.83,71.66,70.92,47.68,87.28,71.42,B,Good,Medium Risk,Completed,4,73.96
396,Meera Verma,Mechanical Engineering,ME,7,EM,Engineering Mechanics,70.4,95.8,69.72,59.46,80.19,75.26,B,Good,Medium Risk,Completed,5,76.77
397,Nisha Singh,Electronics & Communication,ECE,6,DSP,Digital Signal Processing,88.0,61.49,61.83,47.63,54.86,54.38,D,Needs Improvement,Medium Risk,Completed,5,65.67
397,Nisha Singh,Electronics & Communication,ECE,6,VLSI,VLSI Design,84.2,100.0,87.78,89.02,93.38,92.5,A+,Excellent,Low Risk,Completed,4,89.59
397,Nisha Singh,Electronics & Communication,ECE,6,RM,Research Methodology,90.97,70.92,75.97,80.76,75.08,76.25,B,Good,Low Risk,Completed,3,77.57
398,Kiara Nair,Business Administration,BBA,8,STAT,Business Statistics,78.57,54.05,54.81,55.59,87.77,69.76,C,Average,Medium Risk,Completed,3,70.55
398,Kiara Nair,Business Administration,BBA,8,FIN,Financial Management,79.03,44.36,49.91,54.54,64.53,57.05,D,Average,Medium Risk,Completed,3,61.74
398,Kiara Nair,Business Administration,BBA,8,MKT,Principles of Marketing,83.09,73.02,89.64,75.83,65.64,72.2,B,Good,Low Risk,Completed,3,73.16
399,Shaurya Iyer,Civil Engineering,CE,1,SUR,Surveying,72.85,71.78,66.31,50.67,61.0,60.05,C,Average,Medium Risk,Completed,5,66.6
399,Shaurya Iyer,Civil Engineering,CE,1,SOM,Strength of Materials,86.45,80.05,93.74,78.82,72.59,77.69,B,Good,Low Risk,Completed,3,77.67
399,Shaurya Iyer,Civil Engineering,CE,1,PM,Project Management,56.13,73.15,70.53,59.99,64.86,65.21,C,Average,High Risk,Completed,5,66.87
400,Krishna Das,Computer Science & Engineering,CSE,6,CN,Computer Networks,81.52,77.83,73.88,88.44,77.25,80.36,A,Good,Low Risk,Completed,3,78.55
400,Krishna Das,Computer Science & Engineering,CSE,6,ML,Introduction to Machine Learning,87.22,85.67,74.52,95.92,91.16,90.1,A+,Excellent,Low Risk,Completed,5,90.51
400,Krishna Das,Computer Science & Engineering,CSE,6,DSA,Data Structures & Algorithms,70.88,76.81,76.95,69.7,76.97,74.76,B,Good,Medium Risk,Completed,4,74.51
401,Saanvi Jain,Computer Science & Engineering,CSE,8,DBMS,Database Management Systems,92.16,81.06,70.78,89.68,47.43,67.48,C,Average,Low Risk,Completed,5,75.67
401,Saanvi Jain,Computer Science & Engineering,CSE,8,DSA,Data Structures & Algorithms,70.04,51.12,47.77,62.6,39.83,49.15,F,Needs Improvement,High Risk,Completed,4,56.41
401,Saanvi Jain,Computer Science & Engineering,CSE,8,ML,Introduction to Machine Learning,81.7,64.41,64.18,59.01,59.94,60.76,C,Average,Low Risk,Completed,4,66.87
402,Aarav Mehta,Mechanical Engineering,ME,2,EM,Engineering Mechanics,76.06,74.64,88.69,82.97,94.29,87.39,A,Excellent,Medium Risk,Completed,3,82.38
402,Aarav Mehta,Mechanical Engineering,ME,2,THM,Thermodynamics,70.83,42.98,47.7,43.64,60.54,51.55,D,Needs Improvement,Medium Risk,Completed,4,58.25
402,Aarav Mehta,Mechanical Engineering,ME,2,SUR,Surveying,81.9,75.76,71.52,79.42,65.26,71.71,B,Good,Low Risk,Completed,5,76.58
403,Nisha Chatterjee,Civil Engineering,CE,6,SUR,Surveying,66.37,71.04,56.95,76.48,96.68,82.8,A,Good,High Risk,Completed,3,77.23
403,Nisha Chatterjee,Civil Engineering,CE,6,SOM,Strength of Materials,63.16,80.53,63.36,69.12,63.77,67.85,C,Average,High Risk,Completed,5,70.13
403,Nisha Chatterjee,Civil Engineering,CE,6,ML,Introduction to Machine Learning,82.41,75.44,100.0,75.83,59.14,70.68,B,Good,Low Risk,Completed,4,73.96
404,Vivaan Khan,Civil Engineering,CE,1,SUR,Surveying,87.5,54.93,63.99,74.16,45.24,57.24,D,Average,Medium Risk,Completed,4,65.57
404,Vivaan Khan,Civil Engineering,CE,1,SOM,Strength of Materials,95.21,64.51,61.96,76.35,65.17,68.1,C,Average,Low Risk,Completed,4,74.71
404,Vivaan Khan,Civil Engineering,CE,1,VLSI,VLSI Design,98.79,39.9,47.52,53.02,77.33,61.45,C,Average,Low Risk,Completed,3,68.77
405,Ira Chatterjee,Business Administration,BBA,2,PM,Project Management,91.86,99.98,81.99,100.0,88.12,92.85,A+,Excellent,Low Risk,Completed,5,93.37
405,Ira Chatterjee,Business Administration,BBA,2,FIN,Financial Management,76.77,54.79,46.5,68.5,67.77,63.92,C,Average,Medium Risk,Completed,5,70.1
405,Ira Chatterjee,Business Administration,BBA,2,RM,Research Methodology,86.8,75.7,43.22,71.49,48.48,58.94,D,Average,Medium Risk,Completed,3,64.62
406,Sara Bose,Civil Engineering,CE,5,SUR,Surveying,89.82,59.95,59.13,74.86,69.37,68.58,C,Average,Low Risk,Completed,4,73.97
406,Sara Bose,Civil Engineering,CE,5,SOM,Strength of Materials,85.31,70.53,75.63,64.65,91.32,78.63,B,Good,Low Risk,Completed,4,80.1
406,Sara Bose,Civil Engineering,CE,5,SUR,Surveying,80.1,87.57,77.61,74.37,65.61,72.73,B,Good,Low Risk,Completed,3,72.93
407,Arjun Khan,Business Administration,BBA,6,PM,Project Management,81.42,78.22,60.76,58.41,51.8,58.64,D,Average,Medium Risk,Completed,4,65.33
407,Arjun Khan,Business Administration,BBA,6,MKT,Principles of Marketing,95.65,95.7,94.26,100.0,93.58,95.89,A+,Excellent,Low Risk,Completed,4,94.26
407,Arjun Khan,Business Administration,BBA,6,RM,Research Methodology,65.69,61.31,66.04,68.82,92.27,77.97,B,Good,High Risk,Completed,4,75.71
408,Diya Bose,Mechanical Engineering,ME,3,EM,Engineering Mechanics,78.2,83.03,68.2,77.98,93.47,84.73,A,Good,Medium Risk,Completed,4,82.95
408,Diya Bose,Mechanical Engineering,ME,3,THM,Thermodynamics,83.85,79.79,100.0,82.28,98.27,90.88,A+,Excellent,Low Risk,Completed,4,88.38
408,Diya Bose,Mechanical Engineering,ME,3,SUR,Surveying,90.81,82.6,50.26,80.72,96.28,84.96,A,Good,Low Risk,Completed,4,85.63
409,Riya Khan,Electronics & Communication,ECE,1,DSP,Digital Signal Processing,63.74,70.15,80.29,81.86,92.93,84.93,A,Good,High Risk,Completed,4,80.2
409,Riya Khan,Electronics & Communication,ECE,1,VLSI,VLSI Design,81.04,67.0,47.8,81.61,79.96,75.29,B,Good,Low Risk,Completed,4,76.91
409,Riya Khan,Electronics & Communication,ECE,1,SOM,Strength of Materials,82.8,49.91,57.25,73.07,27.87,47.68,F,Needs Improvement,High Risk,Completed,4,57.93
410,Sneha Iyer,Computer Science & Engineering,CSE,8,DBMS,Database Management Systems,94.1,53.12,90.72,70.98,69.34,69.54,C,Average,Low Risk,Completed,4,75.49
410,Sneha Iyer,Computer Science & Engineering,CSE,8,CN,Computer Networks,89.54,56.08,68.91,62.54,58.62,60.44,C,Average,Low Risk,Completed,5,70.22
410,Sneha Iyer,Computer Science & Engineering,CSE,8,DSA,Data Structures & Algorithms,87.04,88.41,57.97,96.3,47.92,69.51,C,Average,Low Risk,Completed,3,72.07
411,Nisha Nair,Electronics & Communication,ECE,3,DSP,Digital Signal Processing,84.83,68.68,62.49,66.36,55.76,61.55,C,Average,Low Risk,Completed,3,66.05
411,Nisha Nair,Electronics & Communication,ECE,3,VLSI,VLSI Design,88.51,96.56,69.24,88.34,78.31,83.15,A,Good,Low Risk,Completed,5,85.91
411,Nisha Nair,Electronics & Communication,ECE,3,SOM,Strength of Materials,84.32,80.87,93.79,91.38,77.05,83.6,A,Good,Low Risk,Completed,3,81.38
412,Saanvi Gupta,Mechanical Engineering,ME,3,EM,Engineering Mechanics,94.53,80.0,53.19,55.69,84.83,72.2,B,Good,Low Risk,Completed,3,75.45
412,Saanvi Gupta,Mechanical Engineering,ME,3,THM,Thermodynamics,74.94,94.28,66.87,90.69,81.33,84.63,A,Good,Medium Risk,Completed,4,82.23
412,Saanvi Gupta,Mechanical Engineering,ME,3,PM,Project Management,53.71,46.15,49.32,35.98,36.29,38.98,F,Critical,Critical,Incomplete,4,46.03
413,Neha Mehta,Civil Engineering,CE,5,SUR,Surveying,79.84,86.56,62.66,74.84,99.53,86.49,A,Excellent,Medium Risk,Completed,4,84.51
413,Neha Mehta,Civil Engineering,CE,5,SOM,Strength of Materials,100.0,59.52,81.07,91.82,70.62,76.36,B,Good,Low Risk,Completed,5,83.45
413,Neha Mehta,Civil Engineering,CE,5,SOM,Strength of Materials,71.01,64.07,67.8,72.55,80.05,74.18,B,Good,Medium Risk,Completed,4,74.13
414,Anika Chatterjee,Business Administration,BBA,8,STAT,Business Statistics,79.16,95.34,86.81,91.23,92.41,91.93,A+,Excellent,Medium Risk,Completed,3,86.18
414,Anika Chatterjee,Business Administration,BBA,8,RM,Research Methodology,78.6,41.64,66.49,68.1,63.44,61.87,C,Average,Medium Risk,Completed,3,65.03
414,Anika Chatterjee,Business Administration,BBA,8,PM,Project Management,100.0,90.03,92.69,90.78,95.93,93.17,A+,Excellent,Low Risk,Completed,4,93.22
415,Myra Verma,Computer Science & Engineering,CSE,5,ML,Introduction to Machine Learning,88.98,95.04,52.78,70.44,58.42,66.96,C,Average,Low Risk,Completed,5,74.67
415,Myra Verma,Computer Science & Engineering,CSE,5,DSA,Data Structures & Algorithms,64.3,71.33,83.88,72.25,68.4,71.54,B,Good,High Risk,Completed,4,70.94
415,Myra Verma,Computer Science & Engineering,CSE,5,DBMS,Database Management Systems,74.31,87.86,81.55,76.13,86.04,82.89,A,Good,Medium Risk,Completed,5,82.89
416,Neha Sharma,Computer Science & Engineering,CSE,8,CN,Computer Networks,87.67,80.26,83.08,69.99,76.09,75.58,B,Good,Low Risk,Completed,4,78.44
416,Neha Sharma,Computer Science & Engineering,CSE,8,DSA,Data Structures & Algorithms,83.8,73.95,68.8,100.0,87.21,87.22,A,Excellent,Low Risk,Completed,4,85.81
416,Neha Sharma,Computer Science & Engineering,CSE,8,DBMS,Database Management Systems,74.98,67.89,70.72,48.52,51.37,54.93,D,Needs Improvement,Medium Risk,Completed,4,61.45
417,Rohan Sen,Electronics & Communication,ECE,7,DSP,Digital Signal Processing,78.05,89.27,54.7,66.22,93.73,80.9,A,Good,Medium Risk,Completed,4,80.24
417,Rohan Sen,Electronics & Communication,ECE,7,VLSI,VLSI Design,100.0,75.68,79.43,79.62,60.16,70.25,B,Good,Low Risk,Completed,4,77.18
417,Rohan Sen,Electronics & Communication,ECE,7,SUR,Surveying,87.31,88.76,76.07,75.36,98.8,87.99,A,Excellent,Low Risk,Completed,4,87.05
418,Kunal Das,Electronics & Communication,ECE,1,DSP,Digital Signal Processing,82.27,90.15,85.19,61.28,62.28,68.45,C,Average,Low Risk,Completed,4,72.37
418,Kunal Das,Electronics & Communication,ECE,1,VLSI,VLSI Design,75.31,81.38,71.48,71.8,81.59,77.61,B,Good,Medium Risk,Completed,4,77.39
418,Kunal Das,Electronics & Communication,ECE,1,RM,Research Methodology,75.51,97.39,100.0,75.67,87.7,86.78,A,Excellent,Medium Risk,Completed,5,85.84
419,Sara Gupta,Business Administration,BBA,7,MKT,Principles of Marketing,80.78,78.54,95.36,98.91,72.91,83.8,A,Good,Low Risk,Completed,3,80.82
419,Sara Gupta,Business Administration,BBA,7,FIN,Financial Management,86.78,71.71,80.85,66.89,50.33,61.56,C,Average,Low Risk,Completed,4,68.45
419,Sara Gupta,Business Administration,BBA,7,PM,Project Management,77.38,61.17,48.97,67.1,84.53,72.24,B,Good,Medium Risk,Completed,5,76.05
420,Rahul Das,Electronics & Communication,ECE,7,DSP,Digital Signal Processing,74.41,74.72,90.21,93.24,92.05,89.62,A,Excellent,Medium Risk,Completed,3,83.62
420,Rahul Das,Electronics & Communication,ECE,7,VLSI,VLSI Design,77.83,66.47,68.81,63.18,66.57,65.76,C,Average,Medium Risk,Completed,4,69.6
420,Rahul Das,Electronics & Communication,ECE,7,EM,Engineering Mechanics,84.61,80.88,75.01,81.12,87.04,83.14,A,Good,Low Risk,Completed,4,83.12
421,Neha Sharma,Business Administration,BBA,3,PM,Project Management,94.25,79.22,66.78,86.29,61.18,71.98,B,Good,Low Risk,Completed,3,75.23
421,Neha Sharma,Business Administration,BBA,3,RM,Research Methodology,85.89,63.58,69.44,69.36,71.19,69.33,C,Average,Low Risk,Completed,5,75.71
421,Neha Sharma,Business Administration,BBA,3,STAT,Business Statistics,81.33,75.02,62.28,96.1,88.58,86.17,A,Excellent,Low Risk,Completed,4,84.59
422,Kiara Nair,Business Administration,BBA,7,FIN,Financial Management,80.85,77.76,83.86,72.48,77.51,76.67,B,Good,Low Risk,Completed,4,77.84
422,Kiara Nair,Business Administration,BBA,7,STAT,Business Statistics,85.61,84.7,54.96,47.69,42.99,51.85,D,Needs Improvement,Medium Risk,Completed,4,61.42
422,Kiara Nair,Business Administration,BBA,7,RM,Research Methodology,80.65,65.37,42.8,44.08,68.59,58.18,D,Average,Medium Risk,Completed,4,64.85
423,Sara Jain,Mechanical Engineering,ME,6,EM,Engineering Mechanics,62.51,71.6,80.15,69.95,57.72,65.71,C,Average,High Risk,Completed,4,66.5
423,Sara Jain,Mechanical Engineering,ME,6,THM,Thermodynamics,87.63,56.43,32.39,52.3,62.17,55.37,D,Average,Medium Risk,Completed,4,64.28
423,Sara Jain,Mechanical Engineering,ME,6,ML,Introduction to Machine Learning,67.16,74.35,58.91,44.97,65.23,59.89,D,Average,High Risk,Completed,5,65.35
424,Kiara Das,Business Administration,BBA,4,STAT,Business Statistics,96.54,71.65,69.42,65.94,67.54,67.86,C,Average,Low Risk,Completed,4,74.81
424,Kiara Das,Business Administration,BBA,4,PM,Project Management,84.66,59.01,53.46,56.02,93.92,73.27,B,Good,Low Risk,Completed,4,76.22
424,Kiara Das,Business Administration,BBA,4,RM,Research Methodology,70.08,81.89,72.26,78.01,64.93,72.13,B,Good,Medium Risk,Completed,4,72.51
425,Shaurya Das,Mechanical Engineering,ME,5,EM,Engineering Mechanics,71.43,74.26,46.46,73.13,76.13,71.98,B,Good,Medium Risk,Completed,3,70.67
425,Shaurya Das,Mechanical Engineering,ME,5,THM,Thermodynamics,76.0,64.98,58.32,66.93,84.31,73.6,B,Good,Medium Risk,Completed,4,74.72
425,Shaurya Das,Mechanical Engineering,ME,5,SUR,Surveying,84.55,68.25,54.13,39.45,50.93,50.41,D,Needs Improvement,Medium Risk,Completed,3,58.19
426,Ayaan Sen,Mechanical Engineering,ME,8,EM,Engineering Mechanics,67.88,76.71,65.66,81.11,76.32,76.75,B,Good,High Risk,Completed,4,75.3
426,Ayaan Sen,Mechanical Engineering,ME,8,THM,Thermodynamics,70.18,78.54,69.68,61.39,100.0,82.17,A,Good,Medium Risk,Completed,4,79.55
426,Ayaan Sen,Mechanical Engineering,ME,8,FIN,Financial Management,93.82,88.58,66.42,73.98,59.3,68.81,C,Average,Low Risk,Completed,4,74.93
427,Diya Nair,Mechanical Engineering,ME,5,EM,Engineering Mechanics,81.42,72.94,74.33,72.23,56.08,65.28,C,Average,Low Risk,Completed,3,67.98
427,Diya Nair,Mechanical Engineering,ME,5,THM,Thermodynamics,76.0,75.95,49.49,61.51,77.88,69.84,C,Average,Medium Risk,Completed,4,72.09
427,Diya Nair,Mechanical Engineering,ME,5,THM,Thermodynamics,79.6,80.09,72.78,84.86,59.98,71.74,B,Good,Medium Risk,Completed,4,74.14
428,Anika Roy,Mechanical Engineering,ME,7,EM,Engineering Mechanics,85.98,90.49,68.87,91.83,68.65,78.9,B,Good,Low Risk,Completed,5,82.43
428,Anika Roy,Mechanical Engineering,ME,7,THM,Thermodynamics,72.63,84.88,79.19,88.69,80.13,83.32,A,Good,Medium Risk,Completed,4,80.85
428,Anika Roy,Mechanical Engineering,ME,7,DSA,Data Structures & Algorithms,81.97,96.69,83.72,100.0,81.29,89.46,A,Excellent,Low Risk,Completed,4,87.01
429,Diya Bose,Civil Engineering,CE,3,SUR,Surveying,78.84,100.0,99.0,88.59,69.53,82.77,A,Good,Medium Risk,Completed,4,81.71
429,Diya Bose,Civil Engineering,CE,3,SOM,Strength of Materials,91.89,89.1,63.0,82.03,83.4,81.81,A,Good,Low Risk,Completed,5,85.64
429,Diya Bose,Civil Engineering,CE,3,RM,Research Methodology,61.65,76.43,62.12,75.76,90.74,81.24,A,Good,High Risk,Completed,4,77.2
430,Shaurya Sen,Mechanical Engineering,ME,2,EM,Engineering Mechanics,85.9,72.79,53.53,87.41,84.21,80.39,A,Good,Low Risk,Completed,3,79.45
430,Shaurya Sen,Mechanical Engineering,ME,2,THM,Thermodynamics,68.98,49.65,57.58,53.67,71.89,61.66,C,Average,High Risk,Completed,3,62.95
430,Shaurya Sen,Mechanical Engineering,ME,2,DBMS,Database Management Systems,82.38,89.52,75.33,94.36,87.12,88.47,A,Excellent,Low Risk,Completed,4,86.41
431,Sara Roy,Mechanical Engineering,ME,5,EM,Engineering Mechanics,77.58,76.75,55.7,71.53,77.6,73.46,B,Good,Medium Risk,Completed,4,74.94
431,Sara Roy,Mechanical Engineering,ME,5,THM,Thermodynamics,90.65,88.09,88.76,91.42,94.0,91.82,A+,Excellent,Low Risk,Completed,3,88.4
431,Sara Roy,Mechanical Engineering,ME,5,PM,Project Management,64.5,81.16,65.65,66.25,80.14,74.68,B,Good,High Risk,Completed,4,73.18
432,Ayaan Mehta,Civil Engineering,CE,5,SUR,Surveying,76.85,55.1,35.52,50.86,57.25,52.84,D,Needs Improvement,Medium Risk,Completed,4,60.36
432,Ayaan Mehta,Civil Engineering,CE,5,SOM,Strength of Materials,88.32,53.19,52.66,58.62,45.76,51.42,D,Needs Improvement,Medium Risk,Completed,4,61.66
432,Ayaan Mehta,Civil Engineering,CE,5,CN,Computer Networks,70.24,73.33,83.5,75.57,79.67,77.87,B,Good,Medium Risk,Completed,4,76.56
433,Saanvi Sen,Business Administration,BBA,4,STAT,Business Statistics,91.45,73.37,69.34,49.13,39.97,50.67,D,Needs Improvement,Medium Risk,Completed,3,59.76
433,Saanvi Sen,Business Administration,BBA,4,FIN,Financial Management,75.29,67.85,48.1,55.12,69.3,62.71,C,Average,Medium Risk,Completed,4,66.95
433,Saanvi Sen,Business Administration,BBA,4,MKT,Principles of Marketing,100.0,95.12,87.5,100.0,93.26,94.98,A+,Excellent,Low Risk,Completed,3,92.49
434,Kunal Jain,Electronics & Communication,ECE,4,DSP,Digital Signal Processing,94.93,88.93,70.22,73.85,89.66,82.86,A,Good,Low Risk,Completed,4,84.99
434,Kunal Jain,Electronics & Communication,ECE,4,VLSI,VLSI Design,89.48,75.24,82.44,57.01,64.79,65.79,C,Average,Low Risk,Completed,5,73.95
434,Kunal Jain,Electronics & Communication,ECE,4,DBMS,Database Management Systems,96.29,81.58,97.55,83.32,91.12,87.99,A,Excellent,Low Risk,Completed,4,88.85
435,Arjun Khan,Electronics & Communication,ECE,6,DSP,Digital Signal Processing,89.14,88.3,78.92,71.26,89.7,82.88,A,Good,Low Risk,Completed,2,79.84
435,Arjun Khan,Electronics & Communication,ECE,6,VLSI,VLSI Design,83.74,55.07,60.2,55.64,62.78,59.23,D,Average,Medium Risk,Completed,3,64.21
435,Arjun Khan,Electronics & Communication,ECE,6,DBMS,Database Management Systems,91.18,91.05,100.0,81.53,83.13,85.53,A,Excellent,Low Risk,Completed,3,84.1
436,Kunal Bose,Civil Engineering,CE,3,SUR,Surveying,76.92,76.13,56.29,74.38,66.6,69.33,C,Average,Medium Risk,Completed,4,71.92
436,Kunal Bose,Civil Engineering,CE,3,SOM,Strength of Materials,76.63,70.7,52.53,72.26,70.23,69.14,C,Average,Medium Risk,Completed,4,71.72
436,Kunal Bose,Civil Engineering,CE,3,DSA,Data Structures & Algorithms,87.49,79.32,86.95,83.33,74.46,79.1,B,Good,Low Risk,Completed,4,80.87
437,Kiara Roy,Computer Science & Engineering,CSE,4,DSA,Data Structures & Algorithms,86.41,89.73,88.05,69.8,75.53,77.19,B,Good,Low Risk,Completed,4,79.32
437,Kiara Roy,Computer Science & Engineering,CSE,4,CN,Computer Networks,91.7,84.18,67.77,73.83,89.09,81.64,A,Good,Low Risk,Completed,4,83.49
437,Kiara Roy,Computer Science & Engineering,CSE,4,ML,Introduction to Machine Learning,78.07,65.13,43.0,70.97,55.29,60.24,C,Average,Medium Risk,Completed,5,67.78
438,Shaurya Roy,Mechanical Engineering,ME,1,EM,Engineering Mechanics,68.58,61.02,62.46,61.33,64.01,62.6,C,Average,High Risk,Completed,4,65.54
438,Shaurya Roy,Mechanical Engineering,ME,1,THM,Thermodynamics,78.97,52.85,72.65,68.96,90.27,76.5,B,Good,Medium Risk,Completed,3,75.35
438,Shaurya Roy,Mechanical Engineering,ME,1,VLSI,VLSI Design,82.27,53.77,36.2,33.47,69.75,53.11,D,Needs Improvement,Medium Risk,Completed,5,63.63
439,Kabir Jain,Computer Science & Engineering,CSE,3,DSA,Data Structures & Algorithms,70.04,58.79,34.44,36.75,39.76,41.18,F,Needs Improvement,High Risk,Completed,3,48.83
439,Kabir Jain,Computer Science & Engineering,CSE,3,ML,Introduction to Machine Learning,86.84,33.11,52.51,61.3,35.13,44.41,F,Needs Improvement,High Risk,Completed,3,54.46
439,Kabir Jain,Computer Science & Engineering,CSE,3,DBMS,Database Management Systems,87.95,80.39,98.99,99.83,90.79,92.76,A+,Excellent,Low Risk,Completed,3,88.52
440,Tanya Singh,Civil Engineering,CE,1,SUR,Surveying,81.97,65.15,76.31,50.21,50.11,55.02,D,Average,Medium Risk,Completed,4,62.9
440,Tanya Singh,Civil Engineering,CE,1,SOM,Strength of Materials,72.67,48.42,64.34,65.52,74.94,67.08,C,Average,Medium Risk,Completed,4,69.49
440,Tanya Singh,Civil Engineering,CE,1,PM,Project Management,91.48,57.28,74.85,52.03,61.35,59.29,D,Average,Medium Risk,Completed,3,65.8
441,Kiara Singh,Civil Engineering,CE,5,SUR,Surveying,81.03,81.25,66.1,78.09,73.22,75.17,B,Good,Low Risk,Completed,4,76.83
441,Kiara Singh,Civil Engineering,CE,5,SOM,Strength of Materials,91.16,43.35,48.43,78.56,55.89,60.06,C,Average,Low Risk,Completed,3,66.27
441,Kiara Singh,Civil Engineering,CE,5,STAT,Business Statistics,75.72,66.27,59.48,100.0,72.61,78.56,B,Good,Medium Risk,Completed,3,76.14
442,Kabir Gupta,Computer Science & Engineering,CSE,5,DBMS,Database Management Systems,89.34,82.26,76.73,97.33,87.96,88.79,A,Excellent,Low Risk,Completed,3,86.02
442,Kabir Gupta,Computer Science & Engineering,CSE,5,DSA,Data Structures & Algorithms,79.52,100.0,100.0,82.44,100.0,94.73,A+,Excellent,Medium Risk,Completed,4,90.22
442,Kabir Gupta,Computer Science & Engineering,CSE,5,CN,Computer Networks,71.72,53.58,42.05,46.22,64.32,55.05,D,Average,Medium Risk,Completed,4,60.88
443,Ira Nair,Civil Engineering,CE,8,SUR,Surveying,85.2,63.86,29.62,66.59,67.58,62.93,C,Average,Low Risk,Completed,4,69.09
443,Ira Nair,Civil Engineering,CE,8,SOM,Strength of Materials,75.2,86.07,61.9,87.18,100.0,90.25,A+,Excellent,Medium Risk,Completed,3,84.22
443,Ira Nair,Civil Engineering,CE,8,MKT,Principles of Marketing,71.26,64.18,48.13,67.52,74.04,68.01,C,Average,Medium Risk,Completed,4,69.86
444,Riya Iyer,Electronics & Communication,ECE,5,DSP,Digital Signal Processing,86.13,60.15,58.74,54.88,54.42,55.85,D,Average,Medium Risk,Completed,5,66.32
444,Riya Iyer,Electronics & Communication,ECE,5,VLSI,VLSI Design,74.62,100.0,92.05,93.66,77.64,87.24,A,Excellent,Medium Risk,Completed,4,83.99
444,Riya Iyer,Electronics & Communication,ECE,5,RM,Research Methodology,73.21,49.05,52.65,55.57,62.19,57.28,D,Average,Medium Risk,Completed,3,60.74
445,Arjun Gupta,Electronics & Communication,ECE,3,DSP,Digital Signal Processing,80.5,46.68,65.55,57.13,62.93,59.02,D,Average,Medium Risk,Completed,5,67.41
445,Arjun Gupta,Electronics & Communication,ECE,3,VLSI,VLSI Design,73.59,77.0,72.4,66.22,85.98,77.35,B,Good,Medium Risk,Completed,4,76.86
445,Arjun Gupta,Electronics & Communication,ECE,3,STAT,Business Statistics,80.28,63.05,71.32,87.76,78.73,78.35,B,Good,Low Risk,Completed,4,78.9
446,Ishaan Sen,Civil Engineering,CE,3,SUR,Surveying,82.96,77.56,75.37,66.41,74.96,72.82,B,Good,Low Risk,Completed,4,75.57
446,Ishaan Sen,Civil Engineering,CE,3,SOM,Strength of Materials,79.51,38.3,63.7,67.18,69.88,63.72,C,Average,Medium Risk,Completed,4,68.5
446,Ishaan Sen,Civil Engineering,CE,3,MKT,Principles of Marketing,94.91,89.85,73.36,77.24,90.04,84.5,A,Good,Low Risk,Completed,3,84.13
447,Reyansh Verma,Computer Science & Engineering,CSE,7,ML,Introduction to Machine Learning,92.66,77.88,70.55,51.56,68.52,65.04,C,Average,Low Risk,Completed,4,72.06
447,Reyansh Verma,Computer Science & Engineering,CSE,7,DSA,Data Structures & Algorithms,72.62,65.72,49.19,89.41,72.18,74.08,B,Good,Medium Risk,Completed,4,74.38
447,Reyansh Verma,Computer Science & Engineering,CSE,7,DBMS,Database Management Systems,69.32,59.38,57.91,64.02,77.37,68.72,C,Average,High Risk,Completed,3,67.97
448,Ananya Patel,Civil Engineering,CE,7,SUR,Surveying,94.04,100.0,89.52,100.0,91.34,95.06,A+,Excellent,Low Risk,Completed,4,93.35
448,Ananya Patel,Civil Engineering,CE,7,SOM,Strength of Materials,87.39,80.41,66.34,68.18,82.72,76.37,B,Good,Low Risk,Completed,5,80.94
448,Ananya Patel,Civil Engineering,CE,7,SUR,Surveying,63.28,65.21,72.76,87.14,53.9,67.46,C,Average,High Risk,Completed,4,67.87
449,Ananya Jain,Computer Science & Engineering,CSE,4,DSA,Data Structures & Algorithms,92.72,66.98,54.44,73.47,63.47,66.09,C,Average,Low Risk,Completed,3,70.81
449,Ananya Jain,Computer Science & Engineering,CSE,4,DBMS,Database Management Systems,95.41,65.13,60.58,58.54,65.79,63.0,C,Average,Low Risk,Completed,4,71.18
449,Ananya Jain,Computer Science & Engineering,CSE,4,CN,Computer Networks,81.78,84.19,73.78,64.75,69.16,70.55,B,Good,Low Risk,Completed,3,71.74
450,Sara Bose,Computer Science & Engineering,CSE,5,ML,Introduction to Machine Learning,93.01,88.02,90.94,89.32,100.0,94.09,A+,Excellent,Low Risk,Completed,3,90.47
450,Sara Bose,Computer Science & Engineering,CSE,5,DSA,Data Structures & Algorithms,79.16,81.64,70.13,54.03,71.36,67.58,C,Average,Medium Risk,Completed,3,69.14
450,Sara Bose,Computer Science & Engineering,CSE,5,DBMS,Database Management Systems,94.51,55.56,61.35,66.88,69.38,65.75,C,Average,Low Risk,Completed,5,74.93
451,Anika Sen,Mechanical Engineering,ME,1,EM,Engineering Mechanics,83.78,63.66,70.68,78.47,62.13,68.12,C,Average,Low Risk,Completed,5,74.44
451,Anika Sen,Mechanical Engineering,ME,1,THM,Thermodynamics,90.57,70.61,75.2,72.18,72.47,72.38,B,Good,Low Risk,Completed,4,76.78
451,Anika Sen,Mechanical Engineering,ME,1,DSP,Digital Signal Processing,68.66,92.78,54.13,70.91,78.31,75.84,B,Good,High Risk,Completed,4,74.82
452,Diya Sen,Mechanical Engineering,ME,4,EM,Engineering Mechanics,64.82,85.84,63.39,91.26,95.17,89.42,A,Excellent,High Risk,Completed,5,85.56
452,Diya Sen,Mechanical Engineering,ME,4,THM,Thermodynamics,90.7,79.29,66.22,57.95,77.75,70.89,B,Good,Low Risk,Completed,3,73.76
452,Diya Sen,Mechanical Engineering,ME,4,MKT,Principles of Marketing,81.18,99.49,79.78,90.5,91.05,91.03,A+,Excellent,Low Risk,Completed,4,87.95
453,Reyansh Khan,Computer Science & Engineering,CSE,5,DBMS,Database Management Systems,82.99,57.55,50.29,80.48,76.53,72.25,B,Good,Low Risk,Completed,4,75.17
453,Reyansh Khan,Computer Science & Engineering,CSE,5,DSA,Data Structures & Algorithms,80.92,100.0,92.09,80.71,100.0,93.42,A+,Excellent,Low Risk,Completed,5,91.58
453,Reyansh Khan,Computer Science & Engineering,CSE,5,ML,Introduction to Machine Learning,87.01,66.51,78.5,44.25,59.31,57.79,D,Average,Medium Risk,Completed,5,67.85
454,Krishna Singh,Computer Science & Engineering,CSE,8,ML,Introduction to Machine Learning,81.54,55.54,89.18,82.1,67.6,72.3,B,Good,Low Risk,Completed,4,74.91
454,Krishna Singh,Computer Science & Engineering,CSE,8,DSA,Data Structures & Algorithms,100.0,93.89,100.0,74.21,75.52,80.33,A,Good,Low Risk,Completed,3,82.23
454,Krishna Singh,Computer Science & Engineering,CSE,8,DBMS,Database Management Systems,82.71,75.78,85.01,90.86,59.99,74.12,B,Good,Low Risk,Completed,4,76.43
455,Neha Verma,Electronics & Communication,ECE,6,DSP,Digital Signal Processing,77.09,73.86,92.06,67.66,79.22,76.23,B,Good,Medium Risk,Completed,4,76.78
455,Neha Verma,Electronics & Communication,ECE,6,VLSI,VLSI Design,86.59,59.43,80.02,63.73,74.17,69.41,C,Average,Low Risk,Completed,5,75.91
455,Neha Verma,Electronics & Communication,ECE,6,THM,Thermodynamics,58.11,68.08,63.34,70.58,62.75,65.96,C,Average,High Risk,Completed,4,65.79
456,Ira Jain,Civil Engineering,CE,8,SUR,Surveying,69.61,100.0,87.21,92.41,93.3,93.43,A+,Excellent,High Risk,Completed,3,85.32
456,Ira Jain,Civil Engineering,CE,8,SOM,Strength of Materials,95.14,83.55,78.1,68.0,86.06,79.47,B,Good,Low Risk,Completed,5,84.66
456,Ira Jain,Civil Engineering,CE,8,FIN,Financial Management,75.42,61.82,59.56,37.23,73.29,59.38,D,Average,Medium Risk,Completed,3,62.65
457,Priya Verma,Business Administration,BBA,2,FIN,Financial Management,84.05,41.86,46.61,68.81,36.77,48.13,F,Needs Improvement,High Risk,Completed,3,56.5
457,Priya Verma,Business Administration,BBA,2,PM,Project Management,92.08,59.49,78.12,81.62,51.52,64.41,C,Average,Low Risk,Completed,5,73.5
457,Priya Verma,Business Administration,BBA,2,STAT,Business Statistics,78.78,95.04,94.16,83.65,78.1,83.91,A,Good,Medium Risk,Completed,3,80.49
458,Kabir Verma,Business Administration,BBA,2,RM,Research Methodology,85.62,68.31,43.18,85.51,74.83,73.89,B,Good,Low Risk,Completed,4,76.85
458,Kabir Verma,Business Administration,BBA,2,STAT,Business Statistics,97.1,54.27,85.5,66.59,89.28,76.84,B,Good,Low Risk,Completed,4,81.21
458,Kabir Verma,Business Administration,BBA,2,MKT,Principles of Marketing,76.38,60.9,72.22,84.1,92.81,83.35,A,Good,Medium Risk,Completed,3,79.62
459,Reyansh Gupta,Computer Science & Engineering,CSE,8,DSA,Data Structures & Algorithms,75.74,87.95,76.21,86.33,96.03,89.92,A,Excellent,Medium Risk,Completed,3,84.09
459,Reyansh Gupta,Computer Science & Engineering,CSE,8,ML,Introduction to Machine Learning,80.38,87.86,51.48,86.28,88.89,84.21,A,Good,Low Risk,Completed,4,83.03
459,Reyansh Gupta,Computer Science & Engineering,CSE,8,DBMS,Database Management Systems,72.44,67.74,49.54,67.58,87.38,74.71,B,Good,Medium Risk,Completed,4,74.79
460,Aditya Jain,Computer Science & Engineering,CSE,8,DSA,Data Structures & Algorithms,62.47,72.85,70.29,69.81,67.51,69.28,C,Average,High Risk,Completed,4,68.99
460,Aditya Jain,Computer Science & Engineering,CSE,8,ML,Introduction to Machine Learning,80.8,81.17,78.6,90.38,87.15,86.37,A,Excellent,Low Risk,Completed,4,84.62
460,Aditya Jain,Computer Science & Engineering,CSE,8,CN,Computer Networks,87.48,100.0,95.5,69.96,100.0,90.54,A+,Excellent,Low Risk,Completed,4,88.87
461,Sara Verma,Computer Science & Engineering,CSE,1,CN,Computer Networks,82.7,67.93,72.1,64.87,87.67,76.31,B,Good,Low Risk,Completed,4,77.96
461,Sara Verma,Computer Science & Engineering,CSE,1,DBMS,Database Management Systems,69.92,70.1,67.65,71.68,56.08,64.02,C,Average,High Risk,Completed,3,64.8
461,Sara Verma,Computer Science & Engineering,CSE,1,DSA,Data Structures & Algorithms,96.2,69.24,96.58,82.63,80.42,81.02,A,Good,Low Risk,Completed,4,83.96
462,Aarav Khan,Business Administration,BBA,5,RM,Research Methodology,86.89,47.63,44.03,66.3,33.79,46.64,F,Needs Improvement,High Risk,Completed,3,56.03
462,Aarav Khan,Business Administration,BBA,5,STAT,Business Statistics,82.89,76.63,66.16,99.62,70.05,79.52,B,Good,Low Risk,Completed,4,80.24
462,Aarav Khan,Business Administration,BBA,5,PM,Project Management,79.52,68.59,74.88,46.05,60.48,58.81,D,Average,Medium Risk,Completed,4,65.07
463,Vivaan Khan,Computer Science & Engineering,CSE,6,DSA,Data Structures & Algorithms,81.33,84.47,67.34,96.18,91.96,89.64,A,Excellent,Low Risk,Completed,3,85.01
463,Vivaan Khan,Computer Science & Engineering,CSE,6,ML,Introduction to Machine Learning,67.21,65.88,41.68,55.46,65.56,60.19,C,Average,High Risk,Completed,4,63.57
463,Vivaan Khan,Computer Science & Engineering,CSE,6,DBMS,Database Management Systems,69.9,81.06,65.75,71.54,78.96,75.73,B,Good,High Risk,Completed,4,74.99
464,Vivaan Chatterjee,Computer Science & Engineering,CSE,7,DBMS,Database Management Systems,72.55,69.29,70.31,57.16,67.74,65.06,C,Average,Medium Risk,Completed,4,68.05
464,Vivaan Chatterjee,Computer Science & Engineering,CSE,7,CN,Computer Networks,88.81,69.37,39.73,71.6,55.95,61.04,C,Average,Low Risk,Completed,4,68.49
464,Vivaan Chatterjee,Computer Science & Engineering,CSE,7,DSA,Data Structures & Algorithms,88.16,70.1,54.27,53.22,49.52,54.19,D,Needs Improvement,Medium Risk,Completed,4,63.57
465,Sai Bose,Electronics & Communication,ECE,7,DSP,Digital Signal Processing,87.75,77.69,62.99,71.37,93.7,81.53,A,Good,Low Risk,Completed,4,82.62
465,Sai Bose,Electronics & Communication,ECE,7,VLSI,VLSI Design,69.55,77.09,66.23,85.23,84.0,81.56,A,Good,High Risk,Completed,4,79.0
465,Sai Bose,Electronics & Communication,ECE,7,STAT,Business Statistics,74.22,56.29,58.19,72.66,75.38,69.98,C,Average,Medium Risk,Completed,4,71.83
466,Aadhya Iyer,Mechanical Engineering,ME,7,EM,Engineering Mechanics,88.68,69.01,74.82,48.87,22.31,42.53,F,Needs Improvement,High Risk,Completed,4,55.51
466,Aadhya Iyer,Mechanical Engineering,ME,7,THM,Thermodynamics,74.8,51.88,71.95,59.3,57.89,58.82,D,Average,Medium Risk,Completed,5,66.13
466,Aadhya Iyer,Mechanical Engineering,ME,7,PM,Project Management,76.22,87.14,61.1,79.98,58.85,69.66,C,Average,Medium Risk,Completed,4,72.0
467,Kunal Roy,Civil Engineering,CE,3,SUR,Surveying,97.18,58.67,65.11,83.37,79.34,76.02,B,Good,Low Risk,Completed,4,80.65
467,Kunal Roy,Civil Engineering,CE,3,SOM,Strength of Materials,72.03,72.98,57.91,64.66,60.14,63.2,C,Average,Medium Risk,Completed,3,64.64
467,Kunal Roy,Civil Engineering,CE,3,DSA,Data Structures & Algorithms,87.05,100.0,69.02,92.25,68.47,80.39,A,Good,Low Risk,Completed,4,81.68
468,Reyansh Nair,Mechanical Engineering,ME,7,EM,Engineering Mechanics,61.39,81.67,74.96,76.0,89.34,82.75,A,Good,High Risk,Completed,5,80.2
468,Reyansh Nair,Mechanical Engineering,ME,7,THM,Thermodynamics,81.77,71.54,68.42,58.42,84.7,73.22,B,Good,Low Risk,Completed,4,75.6
468,Reyansh Nair,Mechanical Engineering,ME,7,DSA,Data Structures & Algorithms,72.79,72.15,72.62,59.86,57.48,61.91,C,Average,Medium Risk,Completed,4,65.89
469,Priya Sharma,Business Administration,BBA,5,FIN,Financial Management,74.6,68.08,66.49,73.26,75.02,72.6,B,Good,Medium Risk,Completed,5,75.74
469,Priya Sharma,Business Administration,BBA,5,PM,Project Management,92.53,96.34,70.67,71.21,72.37,75.45,B,Good,Low Risk,Completed,5,81.32
469,Priya Sharma,Business Administration,BBA,5,MKT,Principles of Marketing,66.3,61.12,60.57,68.39,69.45,66.99,C,Average,High Risk,Completed,3,66.16
470,Neha Nair,Civil Engineering,CE,7,SUR,Surveying,75.09,78.67,86.47,73.17,74.4,75.88,B,Good,Medium Risk,Completed,4,76.13
470,Neha Nair,Civil Engineering,CE,7,SOM,Strength of Materials,74.3,67.26,84.36,68.37,68.38,69.81,C,Average,Medium Risk,Completed,4,71.72
470,Neha Nair,Civil Engineering,CE,7,MKT,Principles of Marketing,78.84,58.82,60.98,60.4,64.68,62.15,C,Average,Medium Risk,Completed,4,67.27
471,Sara Gupta,Business Administration,BBA,3,RM,Research Methodology,67.85,69.5,87.39,76.21,73.45,75.08,B,Good,High Risk,Completed,5,76.13
471,Sara Gupta,Business Administration,BBA,3,FIN,Financial Management,65.97,72.8,54.22,53.0,42.28,51.27,D,Needs Improvement,High Risk,Completed,4,57.08
471,Sara Gupta,Business Administration,BBA,3,MKT,Principles of Marketing,70.23,77.13,72.51,81.35,66.1,72.97,B,Good,Medium Risk,Completed,5,75.13
472,Kabir Jain,Mechanical Engineering,ME,2,EM,Engineering Mechanics,78.35,80.83,79.35,74.43,78.67,77.79,B,Good,Medium Risk,Completed,4,78.12
472,Kabir Jain,Mechanical Engineering,ME,2,THM,Thermodynamics,92.95,100.0,93.79,79.06,91.86,89.43,A,Excellent,Low Risk,Completed,5,91.19
472,Kabir Jain,Mechanical Engineering,ME,2,CN,Computer Networks,83.65,80.13,67.64,72.46,60.52,67.75,C,Average,Low Risk,Completed,5,74.16
473,Krishna Das,Computer Science & Engineering,CSE,2,CN,Computer Networks,86.41,69.93,64.86,77.86,57.92,66.4,C,Average,Low Risk,Completed,4,71.76
473,Krishna Das,Computer Science & Engineering,CSE,2,ML,Introduction to Machine Learning,69.91,75.41,50.52,84.66,74.71,75.38,B,Good,High Risk,Completed,4,74.75
473,Krishna Das,Computer Science & Engineering,CSE,2,DBMS,Database Management Systems,75.85,68.87,66.56,54.23,52.84,57.03,D,Average,Medium Risk,Completed,4,63.09
474,Krishna Sen,Computer Science & Engineering,CSE,1,DBMS,Database Management Systems,79.04,64.57,65.08,72.77,49.18,60.15,C,Average,Medium Risk,Completed,3,63.92
474,Krishna Sen,Computer Science & Engineering,CSE,1,DSA,Data Structures & Algorithms,96.79,85.41,85.16,63.07,44.81,60.41,C,Average,Low Risk,Completed,2,65.65
474,Krishna Sen,Computer Science & Engineering,CSE,1,CN,Computer Networks,76.69,77.64,73.05,67.13,54.95,63.82,C,Average,Medium Risk,Completed,3,66.01
475,Krishna Nair,Civil Engineering,CE,4,SUR,Surveying,87.52,78.97,60.63,82.21,81.16,79.09,B,Good,Low Risk,Completed,3,78.87
475,Krishna Nair,Civil Engineering,CE,4,SOM,Strength of Materials,85.19,60.24,79.66,68.1,57.75,63.42,C,Average,Low Risk,Completed,4,69.43
475,Krishna Nair,Civil Engineering,CE,4,THM,Thermodynamics,72.85,63.63,79.18,82.06,81.01,78.53,B,Good,Medium Risk,Completed,5,79.54
476,Krishna Mehta,Computer Science & Engineering,CSE,6,DSA,Data Structures & Algorithms,95.57,56.49,51.35,46.14,61.15,54.97,D,Needs Improvement,Medium Risk,Completed,4,65.59
476,Krishna Mehta,Computer Science & Engineering,CSE,6,ML,Introduction to Machine Learning,83.57,66.38,71.6,74.23,58.0,65.48,C,Average,Low Risk,Completed,3,68.55
476,Krishna Mehta,Computer Science & Engineering,CSE,6,CN,Computer Networks,92.67,64.66,68.7,46.27,78.08,65.59,C,Average,Low Risk,Completed,5,74.44
477,Shaurya Jain,Business Administration,BBA,3,PM,Project Management,68.63,52.98,53.75,40.56,45.35,45.9,F,Needs Improvement,High Risk,Completed,4,53.85
477,Shaurya Jain,Business Administration,BBA,3,STAT,Business Statistics,92.21,65.61,83.33,64.73,64.15,66.46,C,Average,Low Risk,Completed,5,74.97
477,Shaurya Jain,Business Administration,BBA,3,MKT,Principles of Marketing,90.51,69.91,75.47,92.12,84.56,83.72,A,Good,Low Risk,Completed,3,82.71
478,Ishaan Sharma,Business Administration,BBA,3,FIN,Financial Management,73.84,95.45,94.04,84.14,94.83,91.64,A+,Excellent,Medium Risk,Completed,4,86.92
478,Ishaan Sharma,Business Administration,BBA,3,RM,Research Methodology,96.43,83.64,76.12,62.43,81.19,75.42,B,Good,Low Risk,Completed,5,82.08
478,Ishaan Sharma,Business Administration,BBA,3,PM,Project Management,87.09,77.93,57.63,77.9,80.7,77.14,B,Good,Low Risk,Completed,4,79.41
479,Kiara Sharma,Civil Engineering,CE,6,SUR,Surveying,100.0,80.66,74.82,76.57,81.92,79.41,B,Good,Low Risk,Completed,3,81.59
479,Kiara Sharma,Civil Engineering,CE,6,SOM,Strength of Materials,84.77,75.54,76.93,78.21,53.18,66.42,C,Average,Low Risk,Completed,4,71.45
479,Kiara Sharma,Civil Engineering,CE,6,SUR,Surveying,67.59,52.9,67.15,61.5,44.76,53.24,D,Needs Improvement,High Risk,Completed,4,58.79
480,Riya Gupta,Civil Engineering,CE,7,SUR,Surveying,78.29,57.11,63.35,74.32,39.35,54.91,D,Needs Improvement,Medium Risk,Completed,4,62.09
480,Riya Gupta,Civil Engineering,CE,7,SOM,Strength of Materials,83.74,70.84,62.45,63.83,56.29,61.35,C,Average,Low Risk,Completed,5,69.69
480,Riya Gupta,Civil Engineering,CE,7,STAT,Business Statistics,90.17,74.41,67.63,65.65,82.82,74.89,B,Good,Low Risk,Completed,3,76.45
481,Shaurya Khan,Civil Engineering,CE,3,SUR,Surveying,70.92,96.92,100.0,100.0,97.29,98.32,A+,Excellent,Medium Risk,Completed,3,89.01
481,Shaurya Khan,Civil Engineering,CE,3,SOM,Strength of Materials,84.72,70.48,48.15,42.89,26.92,40.37,F,Needs Improvement,High Risk,Completed,3,51.2
481,Shaurya Khan,Civil Engineering,CE,3,ML,Introduction to Machine Learning,95.75,77.37,72.3,66.23,64.64,67.79,C,Average,Low Risk,Completed,5,76.6
482,Shaurya Mehta,Business Administration,BBA,3,RM,Research Methodology,59.41,67.67,62.11,68.4,82.16,73.86,B,Good,High Risk,Completed,4,71.58
482,Shaurya Mehta,Business Administration,BBA,3,FIN,Financial Management,92.97,64.11,91.45,63.69,73.15,70.79,B,Good,Low Risk,Completed,4,76.14
482,Shaurya Mehta,Business Administration,BBA,3,MKT,Principles of Marketing,84.71,77.82,62.44,61.13,100.0,81.26,A,Good,Low Risk,Completed,4,81.82
483,Vivaan Nair,Civil Engineering,CE,7,SUR,Surveying,65.43,77.59,76.86,85.59,48.72,66.93,C,Average,High Risk,Completed,4,67.94
483,Vivaan Nair,Civil Engineering,CE,7,SOM,Strength of Materials,80.76,47.84,45.94,55.19,46.58,49.29,F,Needs Improvement,High Risk,Completed,4,58.65
483,Vivaan Nair,Civil Engineering,CE,7,PM,Project Management,59.09,67.86,40.13,55.71,67.71,61.38,C,Average,High Risk,Completed,4,62.78
484,Riya Singh,Civil Engineering,CE,7,SUR,Surveying,80.48,73.28,46.07,60.45,42.31,52.77,D,Needs Improvement,Medium Risk,Completed,4,61.04
484,Riya Singh,Civil Engineering,CE,7,SOM,Strength of Materials,71.53,67.84,53.51,73.26,86.08,76.24,B,Good,Medium Risk,Completed,3,73.67
484,Riya Singh,Civil Engineering,CE,7,SUR,Surveying,83.68,76.65,44.61,62.67,68.93,65.78,C,Average,Low Risk,Completed,4,70.78
485,Ayaan Gupta,Electronics & Communication,ECE,2,DSP,Digital Signal Processing,79.66,57.47,41.68,30.94,37.12,38.77,F,Critical,High Risk,Incomplete,5,53.07
485,Ayaan Gupta,Electronics & Communication,ECE,2,VLSI,VLSI Design,88.37,86.48,72.99,80.71,82.98,81.83,A,Good,Low Risk,Completed,4,82.95
485,Ayaan Gupta,Electronics & Communication,ECE,2,DSP,Digital Signal Processing,94.44,75.91,90.79,98.21,98.53,94.27,A+,Excellent,Low Risk,Completed,4,92.88
486,Diya Patel,Civil Engineering,CE,4,SUR,Surveying,71.91,87.17,98.8,100.0,88.97,92.99,A+,Excellent,Medium Risk,Completed,4,87.47
486,Diya Patel,Civil Engineering,CE,4,SOM,Strength of Materials,82.15,81.58,89.72,87.93,98.29,91.82,A+,Excellent,Low Risk,Completed,5,90.7
486,Diya Patel,Civil Engineering,CE,4,RM,Research Methodology,83.58,77.83,79.55,76.29,76.68,77.02,B,Good,Low Risk,Completed,5,80.63
487,Meera Patel,Computer Science & Engineering,CSE,4,ML,Introduction to Machine Learning,68.2,90.29,79.93,86.77,96.02,90.78,A+,Excellent,High Risk,Completed,4,85.19
487,Meera Patel,Computer Science & Engineering,CSE,4,DSA,Data Structures & Algorithms,60.62,61.0,79.41,40.51,85.9,67.9,C,Average,High Risk,Completed,4,67.66
487,Meera Patel,Computer Science & Engineering,CSE,4,DBMS,Database Management Systems,80.86,67.18,90.96,100.0,99.89,94.12,A+,Excellent,Low Risk,Completed,4,90.06
488,Ayaan Mehta,Business Administration,BBA,6,PM,Project Management,74.86,64.85,82.51,59.87,63.32,64.43,C,Average,Medium Risk,Completed,3,66.07
488,Ayaan Mehta,Business Administration,BBA,6,FIN,Financial Management,78.25,65.73,49.9,37.55,65.2,55.45,D,Average,Medium Risk,Completed,5,64.47
488,Ayaan Mehta,Business Administration,BBA,6,RM,Research Methodology,73.82,69.4,81.71,58.53,49.26,58.3,D,Average,Medium Risk,Completed,4,63.58
489,Aarav Das,Mechanical Engineering,ME,4,EM,Engineering Mechanics,81.79,76.01,91.52,87.4,73.37,79.79,B,Good,Low Risk,Completed,4,80.21
489,Aarav Das,Mechanical Engineering,ME,4,THM,Thermodynamics,83.94,53.16,48.55,55.42,57.26,55.22,D,Average,Medium Risk,Completed,5,65.44
489,Aarav Das,Mechanical Engineering,ME,4,PM,Project Management,79.71,86.73,81.9,74.4,78.6,78.89,B,Good,Medium Risk,Completed,4,79.16
490,Aadhya Jain,Computer Science & Engineering,CSE,4,CN,Computer Networks,77.42,74.16,99.69,88.4,69.94,79.08,B,Good,Medium Risk,Completed,4,78.84
490,Aadhya Jain,Computer Science & Engineering,CSE,4,DBMS,Database Management Systems,84.17,74.79,85.7,77.22,73.68,76.11,B,Good,Low Risk,Completed,5,80.11
490,Aadhya Jain,Computer Science & Engineering,CSE,4,ML,Introduction to Machine Learning,81.72,77.94,71.68,74.9,68.76,72.27,B,Good,Low Risk,Completed,3,72.93
491,Sara Nair,Business Administration,BBA,6,STAT,Business Statistics,63.92,51.22,55.93,61.15,57.76,57.61,D,Average,High Risk,Completed,2,57.11
491,Sara Nair,Business Administration,BBA,6,PM,Project Management,94.27,95.35,100.0,80.14,100.0,93.35,A+,Excellent,Low Risk,Completed,3,90.2
491,Sara Nair,Business Administration,BBA,6,FIN,Financial Management,67.78,75.01,77.5,73.16,84.43,78.94,B,Good,High Risk,Completed,4,76.82
492,Diya Nair,Mechanical Engineering,ME,8,EM,Engineering Mechanics,73.2,73.84,55.89,75.8,81.4,76.04,B,Good,Medium Risk,Completed,3,73.87
492,Diya Nair,Mechanical Engineering,ME,8,THM,Thermodynamics,100.0,88.12,90.78,97.0,83.29,88.88,A,Excellent,Low Risk,Completed,4,90.21
492,Diya Nair,Mechanical Engineering,ME,8,DSP,Digital Signal Processing,78.55,61.21,60.42,67.95,47.93,57.18,D,Average,Medium Risk,Completed,4,63.73
493,Sneha Sen,Civil Engineering,CE,8,SUR,Surveying,82.59,96.75,91.94,85.71,100.0,94.42,A+,Excellent,Low Risk,Completed,4,90.61
493,Sneha Sen,Civil Engineering,CE,8,SOM,Strength of Materials,73.06,38.46,48.66,47.82,66.88,55.08,D,Average,Medium Risk,Completed,4,61.17
493,Sneha Sen,Civil Engineering,CE,8,DSA,Data Structures & Algorithms,95.9,90.47,78.07,84.21,65.35,76.05,B,Good,Low Risk,Completed,4,80.41
494,Ayaan Gupta,Mechanical Engineering,ME,6,EM,Engineering Mechanics,85.08,87.4,65.67,39.77,58.34,57.86,D,Average,Medium Risk,Completed,4,65.52
494,Ayaan Gupta,Mechanical Engineering,ME,6,THM,Thermodynamics,72.88,75.5,56.14,62.65,81.8,72.54,B,Good,Medium Risk,Completed,3,71.36
494,Ayaan Gupta,Mechanical Engineering,ME,6,PM,Project Management,67.47,96.11,67.17,76.0,83.43,81.47,A,Good,High Risk,Completed,4,78.53
495,Anika Mehta,Civil Engineering,CE,4,SUR,Surveying,86.06,83.33,81.22,71.83,72.96,75.0,B,Good,Low Risk,Completed,5,79.71
495,Anika Mehta,Civil Engineering,CE,4,SOM,Strength of Materials,72.83,84.4,77.38,81.91,69.64,76.31,B,Good,Medium Risk,Completed,4,75.98
495,Anika Mehta,Civil Engineering,CE,4,DBMS,Database Management Systems,89.7,68.83,100.0,100.0,90.43,91.02,A+,Excellent,Low Risk,Completed,5,91.65
496,Ishaan Nair,Electronics & Communication,ECE,7,DSP,Digital Signal Processing,73.44,76.67,56.43,41.12,61.93,57.35,D,Average,Medium Risk,Completed,4,62.83
496,Ishaan Nair,Electronics & Communication,ECE,7,VLSI,VLSI Design,82.73,82.16,96.92,87.71,78.38,83.6,A,Good,Low Risk,Completed,5,85.07
496,Ishaan Nair,Electronics & Communication,ECE,7,DBMS,Database Management Systems,80.45,76.1,59.48,68.52,75.37,71.83,B,Good,Low Risk,Completed,4,74.37
497,Ayaan Gupta,Mechanical Engineering,ME,4,EM,Engineering Mechanics,84.92,95.82,85.38,98.89,93.04,94.45,A+,Excellent,Low Risk,Completed,4,91.1
497,Ayaan Gupta,Mechanical Engineering,ME,4,THM,Thermodynamics,70.43,76.91,69.36,66.32,86.12,77.12,B,Good,Medium Risk,Completed,3,74.07
497,Ayaan Gupta,Mechanical Engineering,ME,4,ML,Introduction to Machine Learning,89.36,70.09,64.36,69.69,70.08,69.39,C,Average,Low Risk,Completed,3,72.45
498,Tanya Das,Civil Engineering,CE,8,SUR,Surveying,95.41,61.22,61.99,61.85,67.76,64.43,C,Average,Low Risk,Completed,4,72.18
498,Tanya Das,Civil Engineering,CE,8,SOM,Strength of Materials,83.02,85.58,63.23,74.1,76.13,75.65,B,Good,Low Risk,Completed,4,77.56
498,Tanya Das,Civil Engineering,CE,8,SOM,Strength of Materials,87.44,74.35,48.61,57.08,57.1,58.83,D,Average,Medium Risk,Completed,5,68.67
499,Neha Roy,Business Administration,BBA,8,STAT,Business Statistics,95.85,54.17,52.97,59.29,57.69,57.17,D,Average,Medium Risk,Completed,4,67.19
499,Neha Roy,Business Administration,BBA,8,PM,Project Management,70.28,75.08,76.18,73.94,70.78,72.91,B,Good,Medium Risk,Completed,4,73.09
499,Neha Roy,Business Administration,BBA,8,FIN,Financial Management,69.39,69.67,49.95,55.1,80.87,68.37,C,Average,High Risk,Completed,5,71.74
500,Neha Bose,Civil Engineering,CE,6,SUR,Surveying,91.91,74.26,58.67,83.45,84.55,80.09,A,Good,Low Risk,Completed,4,82.45
500,Neha Bose,Civil Engineering,CE,6,SOM,Strength of Materials,89.1,59.23,57.81,58.0,71.11,64.07,C,Average,Low Risk,Completed,3,68.67
500,Neha Bose,Civil Engineering,CE,6,ML,Introduction to Machine Learning,71.46,61.18,43.94,64.75,79.76,68.89,C,Average,Medium Risk,Completed,4,70.51
